%Depth:M	   Sw_deep:fract	Sw_x:fract
1988.3600	1.0000	1.0000
1988.5088	1.0000	1.0000
1988.6613	1.0000	1.0000
1988.8136	1.0000	1.0000
1988.9661	1.0000	1.0000
1989.1184	1.0000	1.0000
1989.2709	1.0000	1.0000
1989.4232	1.0000	1.0000
1989.5757	1.0000	1.0000
1989.7280	1.0000	1.0000
1989.8804	1.0000	1.0000
1990.0328	1.0000	1.0000
1990.1852	1.0000	1.0000
1990.3376	1.0000	1.0000
1990.4900	1.0000	1.0000
1990.6425	1.0000	1.0000
1990.7948	1.0000	1.0000
1990.9473	1.0000	1.0000
1991.0996	1.0000	1.0000
1991.2521	1.0000	1.0000
1991.4044	1.0000	1.0000
1991.5569	1.0000	1.0000
1991.7092	1.0000	1.0000
1991.8616	1.0000	1.0000
1992.0140	1.0000	1.0000
1992.1664	1.0000	1.0000
1992.3188	1.0000	1.0000
1992.4712	1.0000	1.0000
1992.6237	1.0000	1.0000
1992.7760	1.0000	1.0000
1992.9285	1.0000	1.0000
1993.0808	1.0000	1.0000
1993.2333	1.0000	1.0000
1993.3856	1.0000	1.0000
1993.5381	1.0000	1.0000
1993.6904	1.0000	1.0000
1993.8428	1.0000	1.0000
1993.9952	1.0000	1.0000
1994.1476	1.0000	1.0000
1994.3000	1.0000	1.0000
1994.4524	1.0000	1.0000
1994.6049	1.0000	1.0000
1994.7572	1.0000	1.0000
1994.9097	1.0000	1.0000
1995.0620	1.0000	1.0000
1995.2145	1.0000	1.0000
1995.3668	1.0000	1.0000
1995.5192	1.0000	1.0000
1995.6716	1.0000	1.0000
1995.8240	1.0000	1.0000
1995.9764	1.0000	1.0000
1996.1288	1.0000	1.0000
1996.2812	1.0000	1.0000
1996.4336	1.0000	1.0000
1996.5861	1.0000	1.0000
1996.7384	1.0000	1.0000
1996.8909	1.0000	1.0000
1997.0432	1.0000	1.0000
1997.1957	1.0000	1.0000
1997.3480	1.0000	1.0000
1997.5004	1.0000	1.0000
1997.6528	1.0000	1.0000
1997.8052	1.0000	1.0000
1997.9576	1.0000	1.0000
1998.1100	1.0000	1.0000
1998.2625	1.0000	1.0000
1998.4148	1.0000	0.9950
1998.5673	1.0000	1.0000
1998.7196	1.0000	1.0000
1998.8721	1.0000	1.0000
1999.0244	1.0000	1.0000
1999.1769	1.0000	1.0000
1999.3292	1.0000	1.0000
1999.4816	1.0000	1.0000
1999.6340	1.0000	1.0000
1999.7864	1.0000	1.0000
1999.9388	1.0000	1.0000
2000.0912	1.0000	1.0000
2000.2437	1.0000	1.0000
2000.3960	1.0000	1.0000
2000.5485	1.0000	1.0000
2000.7008	1.0000	1.0000
2000.8533	1.0000	1.0000
2001.0056	1.0000	1.0000
2001.1581	1.0000	0.9340
2001.3104	1.0000	1.0000
2001.4628	1.0000	1.0000
2001.6152	1.0000	1.0000
2001.7676	1.0000	1.0000
2001.9200	1.0000	1.0000
2002.0724	1.0000	1.0000
2002.2249	1.0000	1.0000
2002.3772	1.0000	1.0000
2002.5297	1.0000	1.0000
2002.6820	1.0000	1.0000
2002.8345	1.0000	1.0000
2002.9868	1.0000	1.0000
2003.1393	1.0000	1.0000
2003.2916	1.0000	1.0000
2003.4440	1.0000	1.0000
2003.5964	1.0000	1.0000
2003.7488	1.0000	1.0000
2003.9012	1.0000	1.0000
2004.0536	1.0000	1.0000
2004.2061	1.0000	1.0000
2004.3584	1.0000	1.0000
2004.5109	1.0000	1.0000
2004.6632	1.0000	1.0000
2004.8157	1.0000	1.0000
2004.9680	1.0000	1.0000
2005.1205	1.0000	1.0000
2005.2728	1.0000	1.0000
2005.4252	1.0000	1.0000
2005.5776	1.0000	1.0000
2005.7300	1.0000	1.0000
2005.8824	1.0000	1.0000
2006.0348	1.0000	1.0000
2006.1873	1.0000	1.0000
2006.3396	1.0000	1.0000
2006.4921	1.0000	1.0000
2006.6444	1.0000	1.0000
2006.7969	1.0000	1.0000
2006.9492	1.0000	1.0000
2007.1017	1.0000	1.0000
2007.2540	1.0000	1.0000
2007.4064	1.0000	1.0000
2007.5588	1.0000	1.0000
2007.7112	1.0000	1.0000
2007.8636	1.0000	1.0000
2008.0160	1.0000	1.0000
2008.1685	1.0000	1.0000
2008.3208	1.0000	1.0000
2008.4733	1.0000	1.0000
2008.6256	1.0000	1.0000
2008.7781	1.0000	1.0000
2008.9304	1.0000	1.0000
2009.0829	1.0000	1.0000
2009.2352	1.0000	0.9780
2009.3876	1.0000	1.0000
2009.5400	1.0000	1.0000
2009.6924	1.0000	1.0000
2009.8448	1.0000	1.0000
2009.9972	1.0000	1.0000
2010.1497	1.0000	1.0000
2010.3020	1.0000	1.0000
2010.4545	1.0000	1.0000
2010.6068	1.0000	1.0000
2010.7593	1.0000	1.0000
2010.9116	1.0000	1.0000
2011.0640	1.0000	1.0000
2011.2164	1.0000	1.0000
2011.3688	1.0000	1.0000
2011.5212	1.0000	1.0000
2011.6736	1.0000	1.0000
2011.8260	1.0000	1.0000
2011.9784	1.0000	1.0000
2012.1309	1.0000	1.0000
2012.2832	1.0000	1.0000
2012.4357	1.0000	0.9320
2012.5880	1.0000	0.9610
2012.7405	1.0000	1.0000
2012.8928	1.0000	1.0000
2013.0452	1.0000	1.0000
2013.1976	1.0000	1.0000
2013.3500	1.0000	1.0000
2013.5024	1.0000	1.0000
2013.6548	1.0000	1.0000
2013.8073	1.0000	1.0000
2013.9596	1.0000	1.0000
2014.1121	1.0000	1.0000
2014.2644	1.0000	0.9580
2014.4169	1.0000	1.0000
2014.5692	1.0000	1.0000
2014.7217	1.0000	1.0000
2014.8740	1.0000	0.9580
2015.0264	1.0000	0.9230
2015.1788	1.0000	0.9630
2015.3312	1.0000	0.9730
2015.4836	1.0000	1.0000
2015.6360	1.0000	1.0000
2015.7885	1.0000	1.0000
2015.9408	1.0000	1.0000
2016.0933	1.0000	0.9810
2016.2456	1.0000	0.9930
2016.3981	1.0000	1.0000
2016.5504	1.0000	1.0000
2016.7029	1.0000	0.9720
2016.8552	1.0000	0.8970
2017.0076	1.0000	0.9430
2017.1600	1.0000	1.0000
2017.3124	1.0000	1.0000
2017.4648	1.0000	1.0000
2017.6172	1.0000	1.0000
2017.7697	1.0000	1.0000
2017.9220	1.0000	0.9930
2018.0745	1.0000	0.9620
2018.2268	1.0000	1.0000
2018.3793	1.0000	1.0000
2018.5316	1.0000	0.9620
2018.6841	1.0000	0.9640
2018.8364	1.0000	1.0000
2018.9888	1.0000	1.0000
2019.1412	1.0000	1.0000
2019.2936	1.0000	1.0000
2019.4460	1.0000	1.0000
2019.5984	1.0000	0.9660
2019.7509	1.0000	0.9900
2019.9032	1.0000	1.0000
2020.0557	1.0000	1.0000
2020.2080	1.0000	0.9740
2020.3605	1.0000	0.9940
2020.5128	1.0000	1.0000
2020.6653	1.0000	1.0000
2020.8176	1.0000	1.0000
2020.9700	1.0000	0.9400
2021.1224	1.0000	0.8990
2021.2748	1.0000	0.9140
2021.4272	1.0000	0.9670
2021.5796	1.0000	1.0000
2021.7321	1.0000	1.0000
2021.8844	1.0000	1.0000
2022.0369	1.0000	1.0000
2022.1892	1.0000	1.0000
2022.3417	1.0000	1.0000
2022.4940	1.0000	1.0000
2022.6465	1.0000	0.9550
2022.7988	1.0000	0.7690
2022.9512	1.0000	0.6290
2023.1035	1.0000	0.6670
2023.2561	1.0000	0.9820
2023.4084	1.0000	1.0000
2023.5608	1.0000	1.0000
2023.7131	1.0000	1.0000
2023.8657	1.0000	1.0000
2024.0181	1.0000	1.0000
2024.1704	1.0000	1.0000
2024.3228	1.0000	1.0000
2024.4753	1.0000	1.0000
2024.6277	1.0000	1.0000
2024.7800	1.0000	1.0000
2024.9324	1.0000	1.0000
2025.0847	1.0000	1.0000
2025.2373	1.0000	0.9550
2025.3896	0.9950	0.9440
2025.5420	0.9730	0.9900
2025.6943	0.9960	1.0000
2025.8469	0.9870	1.0000
2025.9993	1.0000	1.0000
2026.1516	1.0000	1.0000
2026.3040	1.0000	1.0000
2026.4565	1.0000	1.0000
2026.6089	1.0000	0.9590
2026.7612	1.0000	0.9590
2026.9136	1.0000	1.0000
2027.0659	0.9610	1.0000
2027.2185	0.9390	1.0000
2027.3708	0.9110	1.0000
2027.5232	0.9160	1.0000
2027.6755	0.9100	1.0000
2027.8281	0.9730	1.0000
2027.9805	0.9590	1.0000
2028.1328	0.9050	0.8860
2028.2852	0.9140	0.8500
2028.4377	0.9420	0.9830
2028.5901	0.9860	1.0000
2028.7424	1.0000	1.0000
2028.8948	1.0000	1.0000
2029.0471	1.0000	1.0000
2029.1997	1.0000	1.0000
2029.3521	1.0000	1.0000
2029.5044	1.0000	1.0000
2029.6567	1.0000	1.0000
2029.8093	0.9830	1.0000
2029.9617	0.9490	0.9950
2030.1140	0.9680	1.0000
2030.2664	0.9830	1.0000
2030.4189	1.0000	1.0000
2030.5713	1.0000	1.0000
2030.7236	1.0000	1.0000
2030.8760	1.0000	1.0000
2031.0283	1.0000	1.0000
2031.1809	1.0000	1.0000
2031.3333	1.0000	1.0000
2031.4856	0.9640	1.0000
2031.6379	0.9740	1.0000
2031.7905	1.0000	1.0000
2031.9429	1.0000	1.0000
2032.0952	1.0000	1.0000
2032.2476	1.0000	1.0000
2032.4001	1.0000	1.0000
2032.5525	1.0000	1.0000
2032.7048	1.0000	0.9980
2032.8572	1.0000	1.0000
2033.0095	0.9920	1.0000
2033.1621	0.9720	1.0000
2033.3145	1.0000	0.9940
2033.4668	1.0000	1.0000
2033.6191	1.0000	1.0000
2033.7717	1.0000	1.0000
2033.9241	1.0000	1.0000
2034.0764	1.0000	0.9910
2034.2288	0.9630	0.9780
2034.3811	0.9570	0.9780
2034.5337	0.9750	1.0000
2034.6860	1.0000	0.9780
2034.8384	1.0000	1.0000
2034.9907	1.0000	1.0000
2035.1433	1.0000	1.0000
2035.2957	1.0000	0.9820
2035.4480	1.0000	1.0000
2035.6003	0.9670	1.0000
2035.7529	0.9620	1.0000
2035.9053	0.9680	1.0000
2036.0576	1.0000	1.0000
2036.2100	1.0000	1.0000
2036.3623	1.0000	1.0000
2036.5149	0.9770	1.0000
2036.6672	0.9420	1.0000
2036.8196	1.0000	0.7650
2036.9719	1.0000	1.0000
2037.1245	1.0000	1.0000
2037.2769	1.0000	1.0000
2037.4292	1.0000	1.0000
2037.5815	1.0000	1.0000
2037.7341	1.0000	1.0000
2037.8865	1.0000	0.9830
2038.0388	1.0000	1.0000
2038.1912	1.0000	1.0000
2038.3435	1.0000	1.0000
2038.4961	1.0000	1.0000
2038.6484	1.0000	1.0000
2038.8008	1.0000	1.0000
2038.9531	1.0000	1.0000
2039.1057	1.0000	0.9990
2039.2581	1.0000	1.0000
2039.4104	1.0000	1.0000
2039.5627	1.0000	1.0000
2039.7153	1.0000	1.0000
2039.8677	1.0000	1.0000
2040.0200	1.0000	1.0000
2040.1724	1.0000	1.0000
2040.3247	1.0000	1.0000
2040.4773	1.0000	1.0000
2040.6296	1.0000	1.0000
2040.7820	0.9890	1.0000
2040.9343	0.9970	0.9950
2041.0869	0.9500	1.0000
2041.2393	0.9790	1.0000
2041.3916	1.0000	0.9960
2041.5439	1.0000	1.0000
2041.6965	1.0000	1.0000
2041.8489	1.0000	1.0000
2042.0012	1.0000	0.9540
2042.1536	1.0000	0.9630
2042.3059	1.0000	0.9930
2042.4585	1.0000	1.0000
2042.6108	1.0000	1.0000
2042.7632	1.0000	1.0000
2042.9155	1.0000	0.9170
2043.0681	1.0000	1.0000
2043.2205	1.0000	1.0000
2043.3728	1.0000	1.0000
2043.5251	1.0000	1.0000
2043.6777	1.0000	1.0000
2043.8301	0.9780	1.0000
2043.9824	1.0000	0.9350
2044.1348	1.0000	0.8790
2044.2871	1.0000	0.9060
2044.4397	1.0000	0.9250
2044.5920	0.9820	0.9510
2044.7444	0.9740	1.0000
2044.8967	0.9790	1.0000
2045.0493	0.9790	1.0000
2045.2017	0.9890	1.0000
2045.3540	1.0000	0.9690
2045.5063	1.0000	1.0000
2045.6589	1.0000	1.0000
2045.8113	0.8850	1.0000
2045.9636	0.8360	0.7780
2046.1160	0.9430	0.7260
2046.2683	1.0000	1.0000
2046.4209	1.0000	1.0000
2046.5732	1.0000	1.0000
2046.7256	1.0000	0.8770
2046.8779	0.9800	0.9630
2047.0305	0.9690	0.9870
2047.1829	0.9880	1.0000
2047.3352	1.0000	1.0000
2047.4875	1.0000	0.9810
2047.6401	1.0000	1.0000
2047.7925	1.0000	1.0000
2047.9448	1.0000	1.0000
2048.0972	1.0000	0.9280
2048.2495	1.0000	0.9340
2048.4021	1.0000	0.9920
2048.5544	1.0000	1.0000
2048.7068	1.0000	1.0000
2048.8591	1.0000	1.0000
2049.0117	1.0000	1.0000
2049.1641	1.0000	1.0000
2049.3164	1.0000	1.0000
2049.4688	1.0000	1.0000
2049.6213	1.0000	1.0000
2049.7737	1.0000	1.0000
2049.9260	1.0000	1.0000
2050.0784	1.0000	1.0000
2050.2307	1.0000	1.0000
2050.3833	0.9930	1.0000
2050.5356	0.9840	1.0000
2050.6880	0.9720	1.0000
2050.8403	0.9740	1.0000
2050.9929	0.9870	1.0000
2051.1453	1.0000	1.0000
2051.2976	1.0000	1.0000
2051.4500	1.0000	1.0000
2051.6025	1.0000	0.9550
2051.7549	1.0000	0.9670
2051.9072	1.0000	0.9800
2052.0596	1.0000	0.9910
2052.2119	1.0000	1.0000
2052.3645	1.0000	1.0000
2052.5168	1.0000	1.0000
2052.6692	1.0000	1.0000
2052.8215	1.0000	1.0000
2052.9741	1.0000	1.0000
2053.1265	1.0000	1.0000
2053.2788	1.0000	1.0000
2053.4312	1.0000	0.9840
2053.5837	1.0000	1.0000
2053.7361	1.0000	0.9610
2053.8884	1.0000	1.0000
2054.0408	1.0000	1.0000
2054.1931	1.0000	0.9630
2054.3457	1.0000	1.0000
2054.4980	1.0000	1.0000
2054.6504	1.0000	1.0000
2054.8027	1.0000	1.0000
2054.9553	1.0000	1.0000
2055.1077	1.0000	1.0000
2055.2600	1.0000	1.0000
2055.4124	1.0000	0.9820
2055.5649	1.0000	1.0000
2055.7173	1.0000	0.9730
2055.8696	1.0000	0.9570
2056.0220	1.0000	0.9580
2056.1743	1.0000	1.0000
2056.3269	1.0000	1.0000
2056.4792	1.0000	0.9990
2056.6316	1.0000	0.9780
2056.7839	1.0000	1.0000
2056.9365	1.0000	1.0000
2057.0889	1.0000	1.0000
2057.2412	1.0000	1.0000
2057.3936	1.0000	1.0000
2057.5461	1.0000	1.0000
2057.6985	1.0000	0.9720
2057.8508	1.0000	0.9830
2058.0032	1.0000	0.9760
2058.1555	1.0000	0.9690
2058.3081	1.0000	1.0000
2058.4604	1.0000	1.0000
2058.6128	1.0000	1.0000
2058.7651	1.0000	0.9350
2058.9177	1.0000	0.9580
2059.0701	1.0000	1.0000
2059.2224	1.0000	1.0000
2059.3748	1.0000	1.0000
2059.5273	1.0000	1.0000
2059.6797	1.0000	1.0000
2059.8320	1.0000	1.0000
2059.9844	1.0000	1.0000
2060.1367	1.0000	0.9770
2060.2893	1.0000	0.9890
2060.4417	1.0000	1.0000
2060.5940	1.0000	1.0000
2060.7463	1.0000	0.9840
2060.8989	1.0000	0.9760
2061.0513	1.0000	0.9750
2061.2036	1.0000	1.0000
2061.3560	1.0000	1.0000
2061.5085	1.0000	1.0000
2061.6609	1.0000	1.0000
2061.8132	1.0000	1.0000
2061.9656	1.0000	1.0000
2062.1179	1.0000	1.0000
2062.2705	1.0000	1.0000
2062.4229	1.0000	1.0000
2062.5752	1.0000	0.9930
2062.7275	1.0000	1.0000
2062.8801	1.0000	1.0000
2063.0325	1.0000	1.0000
2063.1848	1.0000	1.0000
2063.3372	1.0000	1.0000
2063.4897	1.0000	1.0000
2063.6421	1.0000	0.9540
2063.7944	1.0000	0.9460
2063.9468	1.0000	0.9250
2064.0991	1.0000	0.9190
2064.2517	1.0000	0.9630
2064.4041	1.0000	0.9250
2064.5564	1.0000	0.8980
2064.7087	1.0000	1.0000
2064.8613	1.0000	1.0000
2065.0137	1.0000	0.9600
2065.1660	1.0000	1.0000
2065.3184	1.0000	0.9960
2065.4709	1.0000	1.0000
2065.6233	1.0000	1.0000
2065.7756	1.0000	1.0000
2065.9280	1.0000	0.9550
2066.0803	1.0000	0.9340
2066.2329	1.0000	0.9350
2066.3853	1.0000	1.0000
2066.5376	1.0000	0.9220
2066.6899	1.0000	0.9080
2066.8425	1.0000	0.9480
2066.9949	1.0000	0.9800
2067.1472	1.0000	0.9850
2067.2996	1.0000	1.0000
2067.4519	1.0000	1.0000
2067.6045	1.0000	1.0000
2067.7568	1.0000	1.0000
2067.9092	1.0000	0.9740
2068.0615	1.0000	0.9980
2068.2141	1.0000	1.0000
2068.3665	1.0000	0.9880
2068.5188	1.0000	0.9780
2068.6711	1.0000	1.0000
2068.8237	1.0000	1.0000
2068.9761	1.0000	0.9560
2069.1284	1.0000	1.0000
2069.2808	1.0000	1.0000
2069.4331	1.0000	1.0000
2069.5857	1.0000	1.0000
2069.7380	1.0000	0.9930
2069.8904	1.0000	0.9920
2070.0427	1.0000	1.0000
2070.1953	1.0000	1.0000
2070.3477	1.0000	1.0000
2070.5000	1.0000	1.0000
2070.6523	1.0000	1.0000
2070.8049	1.0000	1.0000
2070.9573	1.0000	1.0000
2071.1096	1.0000	1.0000
2071.2620	1.0000	1.0000
2071.4143	1.0000	0.9980
2071.5669	1.0000	1.0000
2071.7192	1.0000	1.0000
2071.8716	1.0000	0.9720
2072.0239	1.0000	1.0000
2072.1765	1.0000	0.9410
2072.3289	1.0000	0.9580
2072.4812	1.0000	0.9620
2072.6335	1.0000	1.0000
2072.7861	1.0000	0.9510
2072.9385	1.0000	0.9540
2073.0908	1.0000	1.0000
2073.2432	1.0000	1.0000
2073.3955	1.0000	0.9930
2073.5481	1.0000	1.0000
2073.7004	1.0000	0.9800
2073.8528	1.0000	0.9230
2074.0051	1.0000	0.9290
2074.1577	1.0000	0.9720
2074.3101	1.0000	0.9490
2074.4624	1.0000	0.9280
2074.6147	1.0000	0.9060
2074.7673	1.0000	0.9280
2074.9197	1.0000	0.9150
2075.0720	1.0000	0.8820
2075.2244	1.0000	0.8810
2075.3767	1.0000	0.8990
2075.5293	1.0000	0.9210
2075.6816	1.0000	0.9760
2075.8340	1.0000	1.0000
2075.9863	1.0000	1.0000
2076.1389	1.0000	0.9730
2076.2913	1.0000	0.9980
2076.4436	1.0000	1.0000
2076.5959	1.0000	0.9240
2076.7485	1.0000	0.8940
2076.9009	1.0000	0.9170
2077.0532	1.0000	0.9410
2077.2056	1.0000	0.9830
2077.3579	1.0000	1.0000
2077.5105	1.0000	1.0000
2077.6628	1.0000	0.9640
2077.8152	1.0000	0.9980
2077.9675	1.0000	1.0000
2078.1201	1.0000	0.8920
2078.2725	1.0000	0.8470
2078.4248	1.0000	0.8820
2078.5771	1.0000	0.9370
2078.7297	1.0000	0.9420
2078.8821	1.0000	0.9150
2079.0344	1.0000	0.8870
2079.1868	1.0000	0.9300
2079.3391	1.0000	1.0000
2079.4917	1.0000	0.9780
2079.6440	1.0000	0.9710
2079.7964	1.0000	0.9430
2079.9487	1.0000	0.8860
2080.1013	1.0000	0.8460
2080.2537	1.0000	0.8590
2080.4060	1.0000	0.8960
2080.5583	1.0000	0.9270
2080.7109	1.0000	1.0000
2080.8633	1.0000	1.0000
2081.0156	1.0000	1.0000
2081.1680	1.0000	1.0000
2081.3203	1.0000	1.0000
2081.4729	1.0000	1.0000
2081.6252	1.0000	0.9480
2081.7776	1.0000	1.0000
2081.9299	1.0000	1.0000
2082.0825	1.0000	0.9440
2082.2349	1.0000	0.9540
2082.3872	1.0000	1.0000
2082.5396	1.0000	1.0000
2082.6921	1.0000	1.0000
2082.8445	1.0000	1.0000
2082.9968	1.0000	1.0000
2083.1492	1.0000	1.0000
2083.3015	1.0000	1.0000
2083.4541	1.0000	1.0000
2083.6064	1.0000	1.0000
2083.7588	1.0000	1.0000
2083.9111	1.0000	0.9480
2084.0637	1.0000	1.0000
2084.2161	1.0000	1.0000
2084.3684	1.0000	1.0000
2084.5208	1.0000	1.0000
2084.6733	1.0000	0.9610
2084.8257	1.0000	0.9580
2084.9780	1.0000	1.0000
2085.1304	1.0000	1.0000
2085.2827	1.0000	1.0000
2085.4353	1.0000	1.0000
2085.5876	1.0000	1.0000
2085.7400	1.0000	1.0000
2085.8923	1.0000	1.0000
2086.0449	1.0000	1.0000
2086.1973	1.0000	1.0000
2086.3496	1.0000	1.0000
2086.5020	1.0000	1.0000
2086.6545	1.0000	1.0000
2086.8069	1.0000	1.0000
2086.9592	1.0000	1.0000
2087.1116	1.0000	1.0000
2087.2639	1.0000	1.0000
2087.4165	1.0000	1.0000
2087.5688	1.0000	1.0000
2087.7212	1.0000	1.0000
2087.8735	1.0000	1.0000
2088.0261	1.0000	1.0000
2088.1785	1.0000	1.0000
2088.3308	1.0000	1.0000
2088.4832	1.0000	1.0000
2088.6357	1.0000	1.0000
2088.7881	1.0000	1.0000
2088.9404	1.0000	1.0000
2089.0928	1.0000	1.0000
2089.2451	1.0000	1.0000
2089.3977	1.0000	1.0000
2089.5500	1.0000	0.9820
2089.7024	1.0000	0.9940
2089.8547	1.0000	1.0000
2090.0073	1.0000	1.0000
2090.1597	1.0000	1.0000
2090.3120	1.0000	1.0000
2090.4644	1.0000	1.0000
2090.6169	1.0000	1.0000
2090.7693	1.0000	1.0000
2090.9216	1.0000	1.0000
2091.0740	1.0000	1.0000
2091.2263	1.0000	1.0000
2091.3789	1.0000	1.0000
2091.5312	1.0000	1.0000
2091.6836	1.0000	1.0000
2091.8359	1.0000	1.0000
2091.9885	1.0000	1.0000
2092.1409	1.0000	1.0000
2092.2932	1.0000	1.0000
2092.4456	1.0000	1.0000
2092.5981	1.0000	1.0000
2092.7505	1.0000	1.0000
2092.9028	1.0000	1.0000
2093.0552	1.0000	1.0000
2093.2075	1.0000	1.0000
2093.3601	1.0000	1.0000
2093.5125	1.0000	1.0000
2093.6648	1.0000	1.0000
2093.8171	1.0000	1.0000
2093.9697	1.0000	1.0000
2094.1221	1.0000	1.0000
2094.2744	1.0000	1.0000
2094.4268	1.0000	1.0000
2094.5793	1.0000	1.0000
2094.7317	1.0000	1.0000
2094.8840	1.0000	1.0000
2095.0364	1.0000	1.0000
2095.1887	1.0000	1.0000
2095.3413	1.0000	0.9220
2095.4937	1.0000	0.9090
2095.6460	1.0000	0.9380
2095.7983	1.0000	0.9730
2095.9509	1.0000	0.9700
2096.1033	1.0000	0.9530
2096.2556	1.0000	0.9400
2096.4080	1.0000	0.9850
2096.5605	1.0000	1.0000
2096.7129	1.0000	0.9700
2096.8652	1.0000	0.9320
2097.0176	1.0000	1.0000
2097.1699	1.0000	1.0000
2097.3225	1.0000	1.0000
2097.4749	1.0000	1.0000
2097.6272	1.0000	1.0000
2097.7795	1.0000	0.9460
2097.9321	1.0000	0.8780
2098.0845	1.0000	0.8960
2098.2368	1.0000	0.9060
2098.3892	1.0000	1.0000
2098.5417	1.0000	0.9830
2098.6941	1.0000	0.9690
2098.8464	1.0000	0.9460
2098.9988	1.0000	0.9710
2099.1511	1.0000	0.9980
2099.3037	1.0000	0.9610
2099.4561	1.0000	0.9470
2099.6084	1.0000	1.0000
2099.7607	1.0000	1.0000
2099.9133	1.0000	1.0000
2100.0657	1.0000	1.0000
2100.2180	1.0000	1.0000
2100.3704	1.0000	1.0000
2100.5227	1.0000	1.0000
2100.6753	1.0000	1.0000
2100.8276	1.0000	1.0000
2100.9800	1.0000	1.0000
2101.1323	1.0000	1.0000
2101.2849	1.0000	1.0000
2101.4373	1.0000	1.0000
2101.5896	1.0000	1.0000
2101.7419	1.0000	1.0000
2101.8945	1.0000	1.0000
2102.0469	1.0000	1.0000
2102.1992	1.0000	1.0000
2102.3516	1.0000	1.0000
2102.5039	1.0000	1.0000
2102.6565	1.0000	1.0000
2102.8088	1.0000	1.0000
2102.9612	1.0000	1.0000
2103.1135	1.0000	1.0000
2103.2661	1.0000	1.0000
2103.4185	1.0000	1.0000
2103.5708	1.0000	1.0000
2103.7231	1.0000	1.0000
2103.8757	1.0000	1.0000
2104.0281	1.0000	1.0000
2104.1804	1.0000	1.0000
2104.3328	1.0000	1.0000
2104.4851	1.0000	1.0000
2104.6377	1.0000	1.0000
2104.7900	1.0000	1.0000
2104.9424	1.0000	1.0000
2105.0947	1.0000	1.0000
2105.2473	1.0000	1.0000
2105.3997	1.0000	1.0000
2105.5520	1.0000	1.0000
2105.7043	1.0000	1.0000
2105.8569	1.0000	1.0000
2106.0093	1.0000	1.0000
2106.1616	1.0000	1.0000
2106.3140	1.0000	1.0000
2106.4663	1.0000	1.0000
2106.6189	1.0000	1.0000
2106.7712	1.0000	1.0000
2106.9236	1.0000	1.0000
2107.0759	1.0000	1.0000
2107.2285	1.0000	1.0000
2107.3809	1.0000	1.0000
2107.5332	1.0000	1.0000
2107.6855	1.0000	1.0000
2107.8381	1.0000	1.0000
2107.9905	1.0000	1.0000
2108.1428	1.0000	1.0000
2108.2952	1.0000	1.0000
2108.4475	1.0000	1.0000
2108.6001	1.0000	1.0000
2108.7524	1.0000	1.0000
2108.9048	1.0000	1.0000
2109.0571	1.0000	1.0000
2109.2097	1.0000	1.0000
2109.3621	1.0000	1.0000
2109.5144	1.0000	1.0000
2109.6667	1.0000	1.0000
2109.8193	1.0000	1.0000
2109.9717	1.0000	1.0000
2110.1240	1.0000	1.0000
2110.2764	1.0000	1.0000
2110.4287	1.0000	0.9750
2110.5813	1.0000	0.9440
2110.7336	1.0000	1.0000
2110.8860	1.0000	1.0000
2111.0383	1.0000	1.0000
2111.1909	1.0000	1.0000
2111.3433	1.0000	0.9730
2111.4956	1.0000	1.0000
2111.6479	1.0000	1.0000
2111.8005	1.0000	1.0000
2111.9529	1.0000	1.0000
2112.1052	1.0000	1.0000
2112.2576	1.0000	1.0000
2112.4099	1.0000	1.0000
2112.5625	1.0000	1.0000
2112.7148	1.0000	1.0000
2112.8672	1.0000	1.0000
2113.0195	1.0000	1.0000
2113.1721	1.0000	1.0000
2113.3245	1.0000	1.0000
2113.4768	1.0000	1.0000
2113.6292	1.0000	1.0000
2113.7817	1.0000	1.0000
2113.9341	1.0000	1.0000
2114.0864	1.0000	1.0000
2114.2388	1.0000	1.0000
2114.3911	1.0000	1.0000
2114.5437	1.0000	1.0000
2114.6960	1.0000	1.0000
2114.8484	1.0000	1.0000
2115.0007	1.0000	1.0000
2115.1533	1.0000	1.0000
2115.3057	1.0000	1.0000
2115.4580	1.0000	1.0000
2115.6104	1.0000	1.0000
2115.7629	1.0000	1.0000
2115.9153	1.0000	1.0000
2116.0676	1.0000	1.0000
2116.2200	1.0000	1.0000
2116.3723	1.0000	0.9290
2116.5249	1.0000	1.0000
2116.6772	1.0000	1.0000
2116.8296	1.0000	1.0000
2116.9819	1.0000	1.0000
2117.1345	1.0000	1.0000
2117.2869	1.0000	1.0000
2117.4392	1.0000	1.0000
2117.5916	1.0000	1.0000
2117.7441	1.0000	1.0000
2117.8965	1.0000	1.0000
2118.0488	0.9700	1.0000
2118.2012	1.0000	1.0000
2118.3535	1.0000	1.0000
2118.5061	1.0000	1.0000
2118.6584	1.0000	1.0000
2118.8108	1.0000	1.0000
2118.9631	1.0000	1.0000
2119.1157	1.0000	1.0000
2119.2681	1.0000	1.0000
2119.4204	1.0000	1.0000
2119.5728	1.0000	1.0000
2119.7253	1.0000	1.0000
2119.8777	1.0000	1.0000
2120.0300	1.0000	1.0000
2120.1824	1.0000	1.0000
2120.3347	1.0000	1.0000
2120.4873	1.0000	1.0000
2120.6396	1.0000	1.0000
2120.7920	1.0000	1.0000
2120.9443	1.0000	1.0000
2121.0969	1.0000	1.0000
2121.2493	1.0000	1.0000
2121.4016	1.0000	1.0000
2121.5540	1.0000	0.9960
2121.7065	1.0000	0.9910
2121.8589	1.0000	0.9760
2122.0112	1.0000	0.9480
2122.1636	1.0000	1.0000
2122.3159	1.0000	1.0000
2122.4685	1.0000	1.0000
2122.6208	1.0000	1.0000
2122.7732	1.0000	1.0000
2122.9255	1.0000	1.0000
2123.0781	1.0000	0.9690
2123.2305	1.0000	0.8960
2123.3828	1.0000	1.0000
2123.5352	1.0000	1.0000
2123.6877	1.0000	1.0000
2123.8401	1.0000	1.0000
2123.9924	1.0000	1.0000
2124.1448	1.0000	1.0000
2124.2971	1.0000	1.0000
2124.4497	1.0000	1.0000
2124.6021	1.0000	1.0000
2124.7544	1.0000	1.0000
2124.9067	1.0000	1.0000
2125.0593	1.0000	1.0000
2125.2117	1.0000	1.0000
2125.3640	1.0000	1.0000
2125.5164	1.0000	1.0000
2125.6689	1.0000	1.0000
2125.8213	1.0000	0.9940
2125.9736	1.0000	0.9660
2126.1260	1.0000	1.0000
2126.2783	1.0000	1.0000
2126.4309	1.0000	1.0000
2126.5833	1.0000	1.0000
2126.7356	1.0000	1.0000
2126.8879	1.0000	1.0000
2127.0405	1.0000	1.0000
2127.1929	1.0000	1.0000
2127.3452	1.0000	1.0000
2127.4976	1.0000	0.9320
2127.6501	1.0000	1.0000
2127.8025	1.0000	1.0000
2127.9548	1.0000	1.0000
2128.1072	1.0000	0.9860
2128.2595	1.0000	0.9450
2128.4121	1.0000	1.0000
2128.5645	1.0000	1.0000
2128.7168	1.0000	1.0000
2128.8691	1.0000	1.0000
2129.0217	0.8850	1.0000
2129.1741	0.8830	1.0000
2129.3264	0.8410	1.0000
2129.4788	0.8650	1.0000
2129.6313	0.7740	1.0000
2129.7837	0.7310	1.0000
2129.9360	0.6840	1.0000
2130.0884	0.6740	1.0000
2130.2407	0.6800	1.0000
2130.3933	0.6650	1.0000
2130.5457	0.7050	1.0000
2130.6980	0.7400	1.0000
2130.8503	0.7550	1.0000
2131.0029	0.7450	1.0000
2131.1553	0.7170	1.0000
2131.3076	0.7000	1.0000
2131.4600	0.6990	1.0000
2131.6123	0.6910	1.0000
2131.7649	0.6800	1.0000
2131.9172	0.6680	1.0000
2132.0696	0.6620	1.0000
2132.2219	0.6570	1.0000
2132.3745	0.6470	1.0000
2132.5269	0.6430	1.0000
2132.6792	0.6230	1.0000
2132.8315	0.6120	0.9690
2132.9841	0.6170	0.9770
2133.1365	0.6170	1.0000
2133.2888	0.6340	0.9400
2133.4412	0.6270	0.8850
2133.5935	0.6030	1.0000
2133.7461	0.5900	0.9790
2133.8984	0.5490	0.9840
2134.0508	0.5370	0.9500
2134.2031	0.5430	0.9750
2134.3557	0.5520	0.9640
2134.5081	0.5740	0.9710
2134.6604	0.6120	0.9840
2134.8127	0.6290	1.0000
2134.9653	0.6280	1.0000
2135.1177	0.6000	0.9350
2135.2700	0.5040	0.8740
2135.4224	0.4050	0.8360
2135.5747	0.3820	0.7890
2135.7273	0.4000	0.8260
2135.8796	0.3710	0.8300
2136.0320	0.3200	0.8430
2136.1843	0.3030	0.8030
2136.3369	0.2950	0.7850
2136.4893	0.2880	0.7710
2136.6416	0.2870	0.7590
2136.7939	0.2830	0.7610
2136.9465	0.2890	0.7640
2137.0989	0.2930	0.7810
2137.2512	0.2920	0.7950
2137.4036	0.2870	0.7620
2137.5559	0.2720	0.7840
2137.7085	0.2650	0.8100
2137.8608	0.2660	0.7900
2138.0132	0.2690	0.7720
2138.1655	0.2870	0.7120
2138.3181	0.3010	0.7110
2138.4705	0.2930	0.7080
2138.6228	0.2840	0.7440
2138.7751	0.2570	0.7010
2138.9277	0.2100	0.7460
2139.0801	0.2010	0.7810
2139.2324	0.2080	0.7590
2139.3848	0.2630	0.7260
2139.5371	0.3740	0.7090
2139.6897	0.5130	0.9330
2139.8420	0.6580	1.0000
2139.9944	0.7710	1.0000
2140.1467	0.7400	1.0000
2140.2993	0.6530	0.9390
2140.4517	0.5670	0.8340
2140.6040	0.5150	1.0000
2140.7563	0.5500	1.0000
2140.9089	0.6300	1.0000
2141.0613	0.7920	1.0000
2141.2136	0.7270	1.0000
2141.3660	0.5880	0.9460
2141.5183	0.4730	0.8050
2141.6709	0.3860	0.7710
2141.8232	0.2830	0.7700
2141.9756	0.2270	0.7570
2142.1279	0.2100	0.7400
2142.2805	0.2010	0.7110
2142.4329	0.1990	0.7270
2142.5852	0.1940	0.7710
2142.7375	0.1960	0.7340
2142.8901	0.1920	0.7460
2143.0425	0.1940	0.7650
2143.1948	0.1980	0.7780
2143.3472	0.2070	0.7910
2143.4995	0.2110	0.7980
2143.6521	0.2180	0.8370
2143.8044	0.2180	0.8410
2143.9568	0.2210	0.8620
2144.1091	0.2220	0.8900
2144.2617	0.2230	0.9210
2144.4141	0.2320	0.9560
2144.5664	0.2500	0.9200
2144.7188	0.2620	0.8780
2144.8713	0.2610	0.8960
2145.0237	0.2480	0.9180
2145.1760	0.2360	0.8800
2145.3284	0.2310	0.8640
2145.4807	0.2080	0.8590
2145.6333	0.2100	0.8820
2145.7856	0.2120	0.8700
2145.9380	0.2050	0.8430
2146.0903	0.2070	0.8380
2146.2429	0.2030	0.8610
2146.3953	0.2060	0.8620
2146.5476	0.2060	0.9080
2146.7000	0.1980	0.9110
2146.8525	0.1930	0.8830
2147.0049	0.1960	0.8350
2147.1572	0.2000	0.8380
2147.3096	0.2070	0.8800
2147.4619	0.2250	0.8930
2147.6145	0.2610	0.9740
2147.7668	0.2970	0.9580
2147.9192	0.3060	0.9410
2148.0715	0.3020	0.9580
2148.2241	0.2980	0.9630
2148.3765	0.3020	0.9110
2148.5288	0.3250	0.8880
2148.6812	0.3750	0.9260
2148.8337	0.4290	0.9450
2148.9861	0.4500	0.9840
2149.1384	0.4840	1.0000
2149.2908	0.5170	1.0000
2149.4431	0.5740	1.0000
2149.5957	0.5180	1.0000
2149.7480	0.4310	1.0000
2149.9004	0.3830	1.0000
2150.0527	0.3650	0.9790
2150.2053	0.3490	0.9570
2150.3577	0.3270	0.9600
2150.5100	0.2900	0.9040
2150.6624	0.2390	0.9000
2150.8149	0.2040	0.8700
2150.9673	0.2010	0.8000
2151.1196	0.2030	0.7890
2151.2720	0.2050	0.8250
2151.4243	0.2020	0.8660
2151.5769	0.2020	0.9180
2151.7292	0.2050	0.9370
2151.8816	0.2060	0.9440
2152.0339	0.2130	0.8980
2152.1865	0.2210	0.8760
2152.3389	0.2340	0.8930
2152.4912	0.2580	0.8690
2152.6436	0.2740	0.8810
2152.7961	0.2840	0.8730
2152.9485	0.2980	0.8410
2153.1008	0.3260	0.8540
2153.2532	0.3520	0.8690
2153.4055	0.3810	0.8980
2153.5581	0.3910	0.9190
2153.7104	0.4100	0.8990
2153.8628	0.4350	0.8980
2154.0151	0.4820	0.9060
2154.1677	0.5320	0.9010
2154.3201	0.5760	0.8930
2154.4724	0.5990	0.9210
2154.6248	0.6170	0.9880
2154.7773	0.6080	1.0000
2154.9297	0.4490	0.9880
2155.0820	0.3190	0.9230
2155.2344	0.2770	0.9400
2155.3867	0.2660	0.9070
2155.5393	0.2700	0.9550
2155.6917	0.2820	1.0000
2155.8440	0.3050	0.9430
2155.9963	0.3260	0.9160
2156.1489	0.3480	0.9200
2156.3013	0.3980	0.9230
2156.4536	0.4220	0.9230
2156.6060	0.4340	0.9500
2156.7585	0.4480	0.9960
2156.9109	0.4810	1.0000
2157.0632	0.5370	0.9300
2157.2156	0.5720	1.0000
2157.3679	0.5620	1.0000
2157.5205	0.5270	1.0000
2157.6729	0.5150	0.9990
2157.8252	0.5220	1.0000
2157.9775	0.5210	1.0000
2158.1301	0.5130	1.0000
2158.2825	0.5260	0.9910
2158.4348	0.4990	0.9930
2158.5872	0.4600	0.9530
2158.7397	0.4430	0.9580
2158.8921	0.4570	0.9490
2159.0444	0.4740	0.9380
2159.1968	0.5150	0.9470
2159.3491	0.5270	0.9640
2159.5017	0.5600	0.9540
2159.6541	0.6210	1.0000
2159.8064	0.7050	1.0000
2159.9587	0.7780	0.9460
2160.1113	0.8780	0.8720
2160.2637	0.9090	1.0000
2160.4160	0.9870	1.0000
2160.5684	1.0000	1.0000
2160.7209	0.9850	1.0000
2160.8733	0.8400	1.0000
2161.0256	0.6880	1.0000
2161.1780	0.6590	0.9930
2161.3303	0.6940	0.9750
2161.4829	0.7510	0.9740
2161.6353	0.8000	0.9900
2161.7876	0.9020	1.0000
2161.9399	0.9820	1.0000
2162.0925	0.9560	1.0000
2162.2449	0.9150	1.0000
2162.3972	0.9370	1.0000
2162.5496	0.9910	1.0000
2162.7021	0.9600	1.0000
2162.8545	0.8800	1.0000
2163.0068	0.8590	1.0000
2163.1592	0.9730	1.0000
2163.3115	1.0000	1.0000
2163.4641	1.0000	1.0000
2163.6165	1.0000	1.0000
2163.7688	1.0000	1.0000
2163.9211	1.0000	1.0000
2164.0737	0.9790	1.0000
2164.2261	0.9160	1.0000
2164.3784	0.9160	1.0000
2164.5308	0.9400	1.0000
2164.6831	1.0000	1.0000
2164.8357	1.0000	1.0000
2164.9880	1.0000	1.0000
2165.1404	1.0000	1.0000
2165.2927	0.9820	1.0000
2165.4453	0.9970	1.0000
2165.5977	1.0000	1.0000
2165.7500	1.0000	1.0000
2165.9023	1.0000	1.0000
2166.0549	1.0000	1.0000
2166.2073	0.9720	1.0000
2166.3596	0.9590	1.0000
2166.5120	0.9880	1.0000
2166.6643	0.9550	1.0000
2166.8169	1.0000	1.0000
2166.9692	0.9380	0.9990
2167.1216	0.9120	1.0000
2167.2739	0.9860	1.0000
2167.4265	0.9760	1.0000
2167.5789	0.9950	1.0000
2167.7312	0.9990	1.0000
2167.8835	1.0000	1.0000
2168.0361	0.9950	1.0000
2168.1885	0.9720	1.0000
2168.3408	0.9860	1.0000
2168.4932	1.0000	1.0000
2168.6455	1.0000	1.0000
2168.7981	0.9640	1.0000
2168.9504	1.0000	1.0000
2169.1028	0.9890	1.0000
2169.2551	0.9650	1.0000
2169.4077	1.0000	1.0000
2169.5601	0.9770	1.0000
2169.7124	0.9170	1.0000
2169.8647	0.8990	1.0000
2170.0173	0.9060	1.0000
2170.1697	0.9130	1.0000
2170.3220	0.9650	1.0000
2170.4744	1.0000	1.0000
2170.6267	1.0000	1.0000
2170.7793	0.9920	1.0000
2170.9316	0.9330	1.0000
2171.0840	0.9550	1.0000
2171.2363	0.9780	1.0000
2171.3889	0.9970	1.0000
2171.5413	1.0000	1.0000
2171.6936	1.0000	1.0000
2171.8459	1.0000	1.0000
2171.9985	1.0000	1.0000
2172.1509	0.9560	1.0000
2172.3032	0.9290	0.9260
2172.4556	0.9490	0.9930
2172.6079	0.9690	1.0000
2172.7605	0.9610	1.0000
2172.9128	1.0000	1.0000
2173.0652	1.0000	1.0000
2173.2175	1.0000	1.0000
2173.3701	1.0000	1.0000
2173.5225	1.0000	1.0000
2173.6748	0.9860	1.0000
2173.8271	0.9280	1.0000
2173.9797	0.9190	1.0000
2174.1321	1.0000	1.0000
2174.2844	1.0000	1.0000
2174.4368	1.0000	1.0000
2174.5891	0.9840	1.0000
2174.7417	0.8870	1.0000
2174.8940	0.9370	1.0000
2175.0464	0.9820	1.0000
2175.1987	0.9450	1.0000
2175.3513	0.9550	1.0000
2175.5037	0.9480	1.0000
2175.6560	0.9030	1.0000
2175.8083	0.9180	1.0000
2175.9609	0.9440	1.0000
2176.1133	0.9720	1.0000
2176.2656	0.9920	1.0000
2176.4180	0.9480	1.0000
2176.5703	0.9400	1.0000
2176.7229	0.9490	1.0000
2176.8752	0.9340	1.0000
2177.0276	0.9920	1.0000
2177.1799	0.9930	1.0000
2177.3325	0.9480	1.0000
2177.4849	0.9720	1.0000
2177.6372	0.9960	1.0000
2177.7896	1.0000	1.0000
2177.9421	0.9500	1.0000
2178.0945	0.9260	1.0000
2178.2468	0.9170	1.0000
2178.3992	0.9380	1.0000
2178.5515	0.9600	1.0000
2178.7041	0.9540	1.0000
2178.8564	0.9340	1.0000
2179.0088	0.9770	1.0000
2179.1611	0.9870	1.0000
2179.3137	0.9930	1.0000
2179.4661	1.0000	1.0000
2179.6184	1.0000	1.0000
2179.7708	1.0000	1.0000
2179.9233	1.0000	1.0000
2180.0757	1.0000	1.0000
2180.2280	1.0000	1.0000
2180.3804	0.9670	1.0000
2180.5327	0.9460	1.0000
2180.6853	0.9310	1.0000
2180.8376	0.9600	1.0000
2180.9900	0.9880	1.0000
2181.1423	1.0000	1.0000
2181.2949	0.9260	1.0000
2181.4473	0.8550	1.0000
2181.5996	0.8460	1.0000
2181.7520	0.9280	1.0000
2181.9045	0.9790	1.0000
2182.0569	1.0000	1.0000
2182.2092	1.0000	1.0000
2182.3616	1.0000	1.0000
2182.5139	1.0000	1.0000
2182.6665	0.9710	1.0000
2182.8188	0.9610	1.0000
2182.9712	1.0000	1.0000
2183.1235	1.0000	1.0000
2183.2761	0.9420	1.0000
2183.4285	0.9340	1.0000
2183.5808	0.8930	1.0000
2183.7332	0.9710	1.0000
2183.8857	1.0000	1.0000
2184.0381	0.9860	1.0000
2184.1904	0.9360	1.0000
2184.3428	0.9800	1.0000
2184.4951	1.0000	1.0000
2184.6477	1.0000	1.0000
2184.8000	1.0000	1.0000
2184.9524	1.0000	1.0000
2185.1047	1.0000	1.0000
2185.2573	1.0000	1.0000
2185.4097	1.0000	1.0000
2185.5620	1.0000	1.0000
2185.7144	1.0000	1.0000
2185.8669	1.0000	1.0000
2186.0193	0.9880	1.0000
2186.1716	0.9530	1.0000
2186.3240	0.9350	1.0000
2186.4763	0.9500	1.0000
2186.6289	0.9540	1.0000
2186.7812	0.9740	1.0000
2186.9336	0.9810	1.0000
2187.0859	0.9580	1.0000
2187.2385	0.9330	1.0000
2187.3909	0.9440	1.0000
2187.5432	0.9830	1.0000
2187.6956	0.9910	1.0000
2187.8481	1.0000	1.0000
2188.0005	1.0000	1.0000
2188.1528	1.0000	1.0000
2188.3052	1.0000	1.0000
2188.4575	1.0000	1.0000
2188.6101	1.0000	1.0000
2188.7625	0.9530	1.0000
2188.9148	1.0000	1.0000
2189.0671	1.0000	1.0000
2189.2197	1.0000	1.0000
2189.3721	1.0000	1.0000
2189.5244	0.9810	1.0000
2189.6768	0.9530	1.0000
2189.8293	0.9930	1.0000
2189.9817	1.0000	1.0000
2190.1340	1.0000	1.0000
2190.2864	0.9450	1.0000
2190.4387	0.9130	1.0000
2190.5913	0.8920	0.9350
2190.7437	0.8700	1.0000
2190.8960	0.8560	1.0000
2191.0483	0.8690	1.0000
2191.2009	0.9240	1.0000
2191.3533	0.9640	1.0000
2191.5056	1.0000	1.0000
2191.6580	1.0000	1.0000
2191.8105	0.9640	1.0000
2191.9629	0.9280	1.0000
2192.1152	0.9540	1.0000
2192.2676	1.0000	1.0000
2192.4199	1.0000	1.0000
2192.5725	1.0000	1.0000
2192.7249	1.0000	1.0000
2192.8772	0.8580	1.0000
2193.0295	0.7950	1.0000
2193.1821	0.8200	1.0000
2193.3345	0.8640	1.0000
2193.4868	0.9120	1.0000
2193.6392	0.9190	1.0000
2193.7917	0.9980	1.0000
2193.9441	1.0000	1.0000
2194.0964	0.9580	1.0000
2194.2488	0.9280	1.0000
2194.4011	0.9460	1.0000
2194.5537	0.9350	1.0000
2194.7061	0.9030	1.0000
2194.8584	0.9040	1.0000
2195.0107	0.9470	1.0000
2195.1633	1.0000	1.0000
2195.3157	1.0000	1.0000
2195.4680	1.0000	1.0000
2195.6204	0.9900	1.0000
2195.7729	0.9710	1.0000
2195.9253	0.9880	1.0000
2196.0776	0.9390	1.0000
2196.2300	0.9650	1.0000
2196.3823	0.9930	1.0000
2196.5349	1.0000	1.0000
2196.6873	1.0000	1.0000
2196.8396	1.0000	1.0000
2196.9919	1.0000	1.0000
2197.1445	1.0000	1.0000
2197.2969	1.0000	1.0000
2197.4492	0.9910	1.0000
2197.6016	0.9980	1.0000
2197.7539	1.0000	1.0000
2197.9065	1.0000	1.0000
2198.0588	1.0000	1.0000
2198.2112	1.0000	1.0000
2198.3635	1.0000	1.0000
2198.5161	1.0000	1.0000
2198.6685	1.0000	1.0000
2198.8208	0.9990	1.0000
2198.9731	0.9860	1.0000
2199.1257	0.9770	1.0000
2199.2781	0.9700	1.0000
2199.4304	0.9870	1.0000
2199.5828	0.9970	1.0000
2199.7351	1.0000	1.0000
2199.8877	1.0000	1.0000
2200.0400	1.0000	1.0000
2200.1924	1.0000	1.0000
2200.3447	1.0000	1.0000
2200.4973	1.0000	1.0000
2200.6497	0.8810	1.0000
2200.8020	0.8690	1.0000
2200.9543	0.9010	1.0000
2201.1069	0.9150	1.0000
2201.2593	0.9360	1.0000
2201.4116	1.0000	1.0000
2201.5640	1.0000	1.0000
2201.7163	1.0000	1.0000
2201.8689	1.0000	1.0000
2202.0212	1.0000	1.0000
2202.1736	1.0000	1.0000
2202.3259	0.9740	1.0000
2202.4785	0.9950	1.0000
2202.6309	1.0000	0.9990
2202.7832	1.0000	1.0000
2202.9355	1.0000	1.0000
2203.0881	1.0000	1.0000
2203.2405	1.0000	1.0000
2203.3928	1.0000	1.0000
2203.5452	1.0000	1.0000
2203.6975	1.0000	1.0000
2203.8501	1.0000	1.0000
2204.0024	1.0000	1.0000
2204.1548	1.0000	1.0000
2204.3071	1.0000	1.0000
2204.4597	1.0000	1.0000
2204.6121	1.0000	1.0000
2204.7644	1.0000	1.0000
2204.9167	1.0000	1.0000
2205.0693	1.0000	1.0000
2205.2217	1.0000	1.0000
2205.3740	1.0000	1.0000
2205.5264	0.9850	1.0000
2205.6787	0.9990	1.0000
2205.8313	1.0000	1.0000
2205.9836	1.0000	1.0000
2206.1360	1.0000	1.0000
2206.2883	0.9860	1.0000
2206.4409	0.9570	1.0000
2206.5933	1.0000	1.0000
2206.7456	1.0000	1.0000
2206.8979	1.0000	1.0000
2207.0505	1.0000	1.0000
2207.2029	1.0000	1.0000
2207.3552	1.0000	1.0000
2207.5076	1.0000	1.0000
2207.6599	0.9850	1.0000
2207.8125	0.9740	1.0000
2207.9648	1.0000	1.0000
2208.1172	1.0000	1.0000
2208.2695	1.0000	1.0000
2208.4221	1.0000	1.0000
2208.5745	1.0000	1.0000
2208.7268	1.0000	1.0000
2208.8792	1.0000	1.0000
2209.0317	1.0000	1.0000
2209.1841	1.0000	1.0000
2209.3364	1.0000	1.0000
2209.4888	0.9690	1.0000
2209.6411	0.9460	1.0000
2209.7937	0.9730	1.0000
2209.9460	0.9790	1.0000
2210.0984	0.9750	0.9980
2210.2507	0.9370	0.9410
2210.4033	0.8950	0.9770
2210.5557	0.8840	1.0000
2210.7080	0.9610	1.0000
2210.8604	1.0000	1.0000
2211.0129	1.0000	1.0000
2211.1653	1.0000	1.0000
2211.3176	1.0000	1.0000
2211.4700	1.0000	1.0000
2211.6223	0.9970	1.0000
2211.7749	0.9770	1.0000
2211.9272	0.9720	1.0000
2212.0796	0.9850	1.0000
2212.2319	1.0000	1.0000
2212.3845	1.0000	1.0000
2212.5369	1.0000	1.0000
2212.6892	1.0000	1.0000
2212.8416	1.0000	1.0000
2212.9941	0.9840	1.0000
2213.1465	0.9700	1.0000
2213.2988	0.9630	1.0000
2213.4512	0.9790	1.0000
2213.6035	1.0000	1.0000
2213.7561	1.0000	1.0000
2213.9084	1.0000	1.0000
2214.0608	0.9330	1.0000
2214.2131	0.8740	1.0000
2214.3657	0.8920	1.0000
2214.5181	0.8480	1.0000
2214.6704	0.8780	1.0000
2214.8228	0.9350	1.0000
2214.9753	1.0000	1.0000
2215.1277	1.0000	1.0000
2215.2800	1.0000	1.0000
2215.4324	1.0000	1.0000
2215.5847	1.0000	1.0000
2215.7373	0.9690	1.0000
2215.8896	0.9570	1.0000
2216.0420	0.9440	1.0000
2216.1943	0.9600	1.0000
2216.3469	0.9680	1.0000
2216.4993	0.9980	1.0000
2216.6516	0.9990	1.0000
2216.8040	0.9990	1.0000
2216.9565	0.9850	1.0000
2217.1089	0.9910	1.0000
2217.2612	1.0000	1.0000
2217.4136	1.0000	1.0000
2217.5659	1.0000	1.0000
2217.7185	0.9980	1.0000
2217.8708	0.9680	1.0000
2218.0232	0.9650	1.0000
2218.1755	1.0000	1.0000
2218.3281	1.0000	1.0000
2218.4805	1.0000	1.0000
2218.6328	1.0000	1.0000
2218.7852	1.0000	1.0000
2218.9377	1.0000	1.0000
2219.0901	1.0000	1.0000
2219.2424	1.0000	1.0000
2219.3948	0.9830	1.0000
2219.5471	0.9780	1.0000
2219.6997	0.9950	1.0000
2219.8521	1.0000	1.0000
2220.0044	1.0000	1.0000
2220.1567	1.0000	1.0000
2220.3093	0.9500	1.0000
2220.4617	0.8960	1.0000
2220.6140	0.9300	1.0000
2220.7664	0.9410	1.0000
2220.9189	1.0000	1.0000
2221.0713	1.0000	1.0000
2221.2236	1.0000	1.0000
2221.3760	1.0000	1.0000
2221.5283	1.0000	1.0000
2221.6809	0.9930	1.0000
2221.8333	0.8770	1.0000
2221.9856	0.8250	0.9430
2222.1379	0.8890	1.0000
2222.2905	1.0000	1.0000
2222.4429	1.0000	1.0000
2222.5952	1.0000	1.0000
2222.7476	1.0000	1.0000
2222.9001	1.0000	1.0000
2223.0525	1.0000	1.0000
2223.2048	1.0000	1.0000
2223.3572	1.0000	1.0000
2223.5095	1.0000	1.0000
2223.6621	1.0000	1.0000
2223.8145	1.0000	1.0000
2223.9668	1.0000	1.0000
2224.1191	1.0000	1.0000
2224.2717	0.9780	1.0000
2224.4241	0.9170	1.0000
2224.5764	0.9500	1.0000
2224.7288	1.0000	1.0000
2224.8813	1.0000	1.0000
2225.0337	1.0000	1.0000
2225.1860	1.0000	1.0000
2225.3384	1.0000	1.0000
2225.4907	1.0000	1.0000
2225.6433	1.0000	1.0000
2225.7957	1.0000	1.0000
2225.9480	0.9970	1.0000
2226.1003	0.9970	1.0000
2226.2529	0.9960	1.0000
2226.4053	0.9950	1.0000
2226.5576	0.9960	1.0000
2226.7100	0.9490	1.0000
2226.8625	0.9110	1.0000
2227.0149	0.9840	1.0000
2227.1672	1.0000	1.0000
2227.3196	1.0000	1.0000
2227.4719	1.0000	1.0000
2227.6245	1.0000	1.0000
2227.7769	1.0000	1.0000
2227.9292	1.0000	1.0000
2228.0815	1.0000	1.0000
2228.2341	1.0000	1.0000
2228.3865	1.0000	1.0000
2228.5388	1.0000	1.0000
2228.6912	1.0000	1.0000
2228.8435	1.0000	1.0000
2228.9961	1.0000	1.0000
2229.1484	1.0000	1.0000
2229.3008	1.0000	1.0000
2229.4531	0.9470	1.0000
2229.6057	0.9340	1.0000
2229.7581	0.9320	1.0000
2229.9104	0.9540	1.0000
2230.0627	0.9810	1.0000
2230.2153	1.0000	1.0000
2230.3677	1.0000	1.0000
2230.5200	1.0000	1.0000
2230.6724	1.0000	1.0000
2230.8247	1.0000	1.0000
2230.9773	1.0000	1.0000
2231.1296	1.0000	1.0000
2231.2820	1.0000	1.0000
2231.4343	1.0000	1.0000
2231.5869	1.0000	1.0000
2231.7393	1.0000	1.0000
2231.8916	1.0000	1.0000
2232.0439	1.0000	1.0000
2232.1965	1.0000	1.0000
2232.3489	1.0000	1.0000
2232.5012	1.0000	1.0000
2232.6536	1.0000	1.0000
2232.8059	1.0000	1.0000
2232.9585	1.0000	1.0000
2233.1108	1.0000	1.0000
2233.2632	1.0000	1.0000
2233.4155	1.0000	1.0000
2233.5681	1.0000	1.0000
2233.7205	1.0000	1.0000
2233.8728	1.0000	1.0000
2234.0251	1.0000	1.0000
2234.1777	1.0000	1.0000
2234.3301	1.0000	1.0000
2234.4824	1.0000	1.0000
2234.6348	1.0000	1.0000
2234.7871	1.0000	1.0000
2234.9397	1.0000	1.0000
2235.0920	1.0000	1.0000
2235.2444	1.0000	1.0000
2235.3967	1.0000	1.0000
2235.5493	1.0000	1.0000
2235.7017	0.9900	1.0000
2235.8540	0.9560	1.0000
2236.0063	0.9410	1.0000
2236.1589	0.9530	1.0000
2236.3113	0.9810	1.0000
2236.4636	0.9980	1.0000
2236.6160	1.0000	1.0000
2236.7683	1.0000	1.0000
2236.9209	1.0000	1.0000
2237.0732	1.0000	1.0000
2237.2256	1.0000	1.0000
2237.3779	1.0000	1.0000
2237.5305	1.0000	1.0000
2237.6829	1.0000	1.0000
2237.8352	1.0000	1.0000
2237.9875	1.0000	1.0000
2238.1401	1.0000	1.0000
2238.2925	1.0000	1.0000
2238.4448	1.0000	1.0000
2238.5972	1.0000	1.0000
2238.7495	1.0000	1.0000
2238.9021	1.0000	1.0000
2239.0544	1.0000	1.0000
2239.2068	1.0000	1.0000
2239.3591	1.0000	1.0000
2239.5117	1.0000	1.0000
2239.6641	1.0000	1.0000
2239.8164	1.0000	1.0000
2239.9688	1.0000	1.0000
2240.1213	1.0000	1.0000
2240.2737	1.0000	1.0000
2240.4260	1.0000	1.0000
2240.5784	1.0000	1.0000
2240.7307	1.0000	1.0000
2240.8833	1.0000	1.0000
2241.0356	1.0000	1.0000
2241.1880	1.0000	1.0000
2241.3403	1.0000	1.0000
2241.4929	1.0000	1.0000
2241.6453	1.0000	1.0000
2241.7976	1.0000	1.0000
2241.9500	1.0000	1.0000
2242.1025	1.0000	1.0000
2242.2549	1.0000	1.0000
2242.4072	1.0000	1.0000
2242.5596	1.0000	1.0000
2242.7119	1.0000	1.0000
2242.8645	1.0000	1.0000
2243.0168	1.0000	1.0000
2243.1692	1.0000	1.0000
2243.3215	1.0000	1.0000
2243.4741	1.0000	1.0000
2243.6265	1.0000	1.0000
2243.7788	1.0000	1.0000
2243.9312	1.0000	1.0000
2244.0837	1.0000	1.0000
2244.2361	1.0000	1.0000
2244.3884	1.0000	1.0000
2244.5408	1.0000	1.0000
2244.6931	1.0000	1.0000
2244.8457	1.0000	1.0000
2244.9980	1.0000	1.0000
2245.1504	1.0000	1.0000
2245.3027	1.0000	1.0000
2245.4553	1.0000	1.0000
2245.6077	1.0000	1.0000
2245.7600	0.9750	1.0000
2245.9124	1.0000	1.0000
2246.0649	1.0000	1.0000
2246.2173	1.0000	1.0000
2246.3696	1.0000	1.0000
2246.5220	1.0000	1.0000
2246.6743	1.0000	1.0000
2246.8269	1.0000	1.0000
2246.9792	1.0000	1.0000
2247.1316	1.0000	1.0000
2247.2839	1.0000	1.0000
2247.4365	1.0000	1.0000
2247.5889	1.0000	1.0000
2247.7412	1.0000	1.0000
2247.8936	1.0000	1.0000
2248.0461	1.0000	1.0000
2248.1985	1.0000	1.0000
2248.3508	1.0000	1.0000
2248.5032	1.0000	1.0000
2248.6555	1.0000	1.0000
2248.8081	1.0000	1.0000
2248.9604	1.0000	1.0000
2249.1128	1.0000	1.0000
2249.2651	1.0000	1.0000
2249.4177	1.0000	1.0000
2249.5701	1.0000	1.0000
2249.7224	1.0000	1.0000
2249.8748	1.0000	1.0000
2250.0273	1.0000	1.0000
2250.1797	1.0000	1.0000
2250.3320	1.0000	1.0000
2250.4844	1.0000	1.0000
2250.6367	1.0000	1.0000
2250.7893	1.0000	1.0000
2250.9417	1.0000	1.0000
2251.0940	1.0000	1.0000
2251.2463	1.0000	1.0000
2251.3989	1.0000	1.0000
2251.5513	1.0000	1.0000
2251.7036	1.0000	1.0000
2251.8560	1.0000	1.0000
2252.0085	1.0000	1.0000
2252.1609	1.0000	1.0000
2252.3132	1.0000	1.0000
2252.4656	1.0000	1.0000
2252.6179	1.0000	1.0000
2252.7705	1.0000	1.0000
2252.9229	1.0000	1.0000
2253.0752	1.0000	1.0000
2253.2275	1.0000	1.0000
2253.3801	1.0000	1.0000
2253.5325	1.0000	1.0000
2253.6848	1.0000	1.0000
2253.8372	1.0000	1.0000
2253.9897	1.0000	1.0000
2254.1421	1.0000	1.0000
2254.2944	1.0000	1.0000
2254.4468	1.0000	1.0000
2254.5991	1.0000	1.0000
2254.7517	1.0000	1.0000
2254.9041	1.0000	1.0000
2255.0564	1.0000	1.0000
2255.2087	1.0000	1.0000
2255.3613	1.0000	1.0000
2255.5137	1.0000	1.0000
2255.6660	1.0000	1.0000
2255.8184	1.0000	1.0000
2255.9709	1.0000	1.0000
2256.1233	1.0000	1.0000
2256.2756	1.0000	1.0000
2256.4280	1.0000	1.0000
2256.5803	1.0000	1.0000
2256.7329	1.0000	1.0000
2256.8853	1.0000	1.0000
2257.0376	1.0000	1.0000
2257.1899	1.0000	1.0000
2257.3425	1.0000	1.0000
2257.4949	1.0000	1.0000
2257.6472	1.0000	1.0000
2257.7996	1.0000	1.0000
2257.9521	1.0000	1.0000
2258.1045	1.0000	1.0000
2258.2568	1.0000	1.0000
2258.4092	1.0000	1.0000
2258.5615	1.0000	1.0000
2258.7141	1.0000	1.0000
2258.8665	1.0000	1.0000
2259.0188	1.0000	1.0000
2259.1711	1.0000	1.0000
2259.3237	1.0000	1.0000
2259.4761	1.0000	1.0000
2259.6284	1.0000	1.0000
2259.7808	1.0000	1.0000
2259.9333	1.0000	1.0000
2260.0857	1.0000	1.0000
2260.2380	1.0000	1.0000
2260.3904	1.0000	1.0000
2260.5427	1.0000	1.0000
2260.6953	1.0000	1.0000
2260.8477	1.0000	1.0000
2261.0000	1.0000	1.0000
2261.1523	1.0000	1.0000
2261.3049	1.0000	1.0000
2261.4573	1.0000	1.0000
2261.6096	1.0000	1.0000
2261.7620	1.0000	1.0000
2261.9143	1.0000	1.0000
2262.0669	0.9320	1.0000
2262.2192	1.0000	1.0000
2262.3716	1.0000	1.0000
2262.5239	1.0000	1.0000
2262.6765	1.0000	1.0000
2262.8289	1.0000	1.0000
2262.9812	1.0000	1.0000
2263.1335	1.0000	1.0000
2263.2861	1.0000	1.0000
2263.4385	1.0000	1.0000
2263.5908	1.0000	1.0000
2263.7432	1.0000	1.0000
2263.8955	1.0000	1.0000
2264.0481	1.0000	1.0000
2264.2004	1.0000	1.0000
2264.3528	1.0000	1.0000
2264.5051	1.0000	1.0000
2264.6577	1.0000	1.0000
2264.8101	1.0000	1.0000
2264.9624	1.0000	1.0000
2265.1147	1.0000	1.0000
2265.2673	1.0000	1.0000
2265.4197	1.0000	1.0000
2265.5720	1.0000	1.0000
2265.7244	1.0000	1.0000
2265.8767	1.0000	1.0000
2266.0293	1.0000	1.0000
2266.1816	1.0000	1.0000
2266.3340	1.0000	1.0000
2266.4863	1.0000	1.0000
2266.6389	1.0000	1.0000
2266.7913	1.0000	1.0000
2266.9436	1.0000	1.0000
2267.0959	1.0000	1.0000
2267.2485	0.9870	1.0000
2267.4009	1.0000	1.0000
2267.5532	1.0000	1.0000
2267.7056	1.0000	1.0000
2267.8579	1.0000	1.0000
2268.0105	1.0000	1.0000
2268.1628	1.0000	1.0000
2268.3152	1.0000	1.0000
2268.4675	1.0000	1.0000
2268.6201	1.0000	1.0000
2268.7725	1.0000	1.0000
2268.9248	1.0000	1.0000
2269.0771	1.0000	1.0000
2269.2297	1.0000	1.0000
2269.3821	1.0000	1.0000
2269.5344	1.0000	1.0000
2269.6868	1.0000	1.0000
2269.8391	1.0000	1.0000
2269.9917	1.0000	1.0000
2270.1440	1.0000	1.0000
2270.2964	1.0000	1.0000
2270.4487	1.0000	1.0000
2270.6013	1.0000	1.0000
2270.7537	1.0000	1.0000
2270.9060	1.0000	1.0000
2271.0583	1.0000	1.0000
2271.2109	1.0000	1.0000
2271.3633	1.0000	1.0000
2271.5156	1.0000	1.0000
2271.6680	1.0000	1.0000
2271.8203	1.0000	1.0000
2271.9729	1.0000	1.0000
2272.1252	1.0000	1.0000
2272.2776	1.0000	1.0000
2272.4299	1.0000	1.0000
2272.5825	1.0000	1.0000
2272.7349	1.0000	1.0000
2272.8872	1.0000	1.0000
2273.0396	1.0000	1.0000
2273.1921	1.0000	1.0000
2273.3445	1.0000	1.0000
2273.4968	1.0000	1.0000
2273.6492	1.0000	1.0000
2273.8015	1.0000	1.0000
2273.9541	1.0000	1.0000
2274.1064	1.0000	1.0000
2274.2588	1.0000	1.0000
2274.4111	1.0000	1.0000
2274.5637	1.0000	1.0000
2274.7161	1.0000	1.0000
2274.8684	1.0000	1.0000
2275.0208	1.0000	1.0000
2275.1733	1.0000	1.0000
2275.3257	1.0000	1.0000
2275.4780	1.0000	1.0000
2275.6304	1.0000	1.0000
2275.7827	1.0000	1.0000
2275.9353	1.0000	1.0000
2276.0876	1.0000	1.0000
2276.2400	1.0000	1.0000
2276.3923	1.0000	1.0000
2276.5449	1.0000	1.0000
2276.6973	1.0000	1.0000
2276.8496	1.0000	1.0000
2277.0020	1.0000	1.0000
2277.1545	1.0000	1.0000
2277.3069	1.0000	1.0000
2277.4592	1.0000	1.0000
2277.6116	1.0000	1.0000
2277.7639	1.0000	1.0000
2277.9165	1.0000	1.0000
2278.0688	1.0000	1.0000
2278.2212	1.0000	1.0000
2278.3735	1.0000	1.0000
2278.5261	1.0000	1.0000
2278.6785	0.9870	1.0000
2278.8308	1.0000	1.0000
2278.9832	1.0000	1.0000
2279.1357	1.0000	1.0000
2279.2881	1.0000	1.0000
2279.4404	1.0000	1.0000
2279.5928	1.0000	1.0000
2279.7451	1.0000	1.0000
2279.8977	1.0000	1.0000
2280.0500	1.0000	1.0000
2280.2024	1.0000	1.0000
2280.3547	1.0000	1.0000
2280.5073	1.0000	1.0000
2280.6597	1.0000	1.0000
2280.8120	1.0000	1.0000
2280.9644	1.0000	1.0000
2281.1169	1.0000	1.0000
2281.2693	1.0000	1.0000
2281.4216	1.0000	1.0000
2281.5740	1.0000	1.0000
2281.7263	1.0000	1.0000
2281.8789	1.0000	1.0000
2282.0312	1.0000	1.0000
2282.1836	1.0000	1.0000
2282.3359	1.0000	1.0000
2282.4885	1.0000	1.0000
2282.6409	1.0000	1.0000
2282.7932	1.0000	1.0000
2282.9456	1.0000	1.0000
2283.0981	1.0000	1.0000
2283.2505	1.0000	1.0000
2283.4028	1.0000	1.0000
2283.5552	1.0000	1.0000
2283.7075	1.0000	1.0000
2283.8601	1.0000	1.0000
2284.0125	1.0000	1.0000
2284.1648	1.0000	1.0000
2284.3171	1.0000	1.0000
2284.4697	1.0000	1.0000
2284.6221	1.0000	1.0000
2284.7744	1.0000	1.0000
2284.9268	1.0000	1.0000
2285.0793	1.0000	1.0000
2285.2317	1.0000	1.0000
2285.3840	1.0000	1.0000
2285.5364	1.0000	1.0000
2285.6887	1.0000	1.0000
2285.8413	1.0000	1.0000
2285.9937	1.0000	1.0000
2286.1460	1.0000	1.0000
2286.2983	1.0000	1.0000
2286.4509	1.0000	1.0000
2286.6033	1.0000	1.0000
2286.7556	1.0000	1.0000
2286.9080	1.0000	1.0000
2287.0605	1.0000	1.0000
2287.2129	1.0000	1.0000
2287.3652	1.0000	1.0000
2287.5176	1.0000	1.0000
2287.6699	1.0000	1.0000
2287.8225	1.0000	1.0000
2287.9749	1.0000	1.0000
2288.1272	1.0000	1.0000
2288.2795	1.0000	1.0000
2288.4321	1.0000	1.0000
2288.5845	1.0000	1.0000
2288.7368	1.0000	1.0000
2288.8892	1.0000	1.0000
2289.0417	1.0000	1.0000
2289.1941	1.0000	1.0000
2289.3464	1.0000	1.0000
2289.4988	1.0000	1.0000
2289.6511	1.0000	1.0000
2289.8037	1.0000	1.0000
2289.9561	1.0000	1.0000
2290.1084	1.0000	1.0000
2290.2607	1.0000	1.0000
2290.4133	1.0000	1.0000
2290.5657	1.0000	1.0000
2290.7180	1.0000	1.0000
2290.8704	1.0000	1.0000
2291.0229	1.0000	1.0000
2291.1753	1.0000	1.0000
2291.3276	1.0000	1.0000
2291.4800	1.0000	1.0000
2291.6323	1.0000	1.0000
2291.7849	1.0000	1.0000
2291.9373	1.0000	1.0000
2292.0896	1.0000	1.0000
2292.2419	1.0000	1.0000
2292.3945	1.0000	1.0000
2292.5469	1.0000	1.0000
2292.6992	1.0000	1.0000
2292.8516	1.0000	1.0000
2293.0042	1.0000	1.0000
2293.1565	1.0000	1.0000
2293.3088	1.0000	1.0000
2293.4612	1.0000	1.0000
2293.6135	1.0000	1.0000
2293.7661	1.0000	1.0000
2293.9185	1.0000	1.0000
2294.0708	1.0000	1.0000
2294.2231	1.0000	1.0000
2294.3757	1.0000	1.0000
2294.5281	1.0000	1.0000
2294.6804	1.0000	1.0000
2294.8328	1.0000	1.0000
2294.9851	1.0000	1.0000
2295.1377	1.0000	1.0000
2295.2900	1.0000	1.0000
2295.4424	1.0000	1.0000
2295.5947	1.0000	1.0000
2295.7473	1.0000	1.0000
2295.8997	1.0000	1.0000
2296.0520	1.0000	1.0000
2296.2043	1.0000	1.0000
2296.3569	1.0000	1.0000
2296.5093	1.0000	1.0000
2296.6616	1.0000	1.0000
2296.8140	1.0000	1.0000
2296.9663	1.0000	1.0000
2297.1189	1.0000	1.0000
2297.2712	1.0000	1.0000
2297.4236	1.0000	1.0000
2297.5759	1.0000	1.0000
2297.7285	1.0000	1.0000
2297.8809	1.0000	1.0000
2298.0332	1.0000	1.0000
2298.1855	1.0000	1.0000
2298.3381	1.0000	1.0000
2298.4905	1.0000	1.0000
2298.6428	1.0000	1.0000
2298.7952	1.0000	1.0000
2298.9475	1.0000	1.0000
2299.1001	1.0000	1.0000
2299.2524	1.0000	1.0000
2299.4048	1.0000	1.0000
2299.5571	1.0000	1.0000
2299.7097	1.0000	1.0000
2299.8621	1.0000	1.0000
2300.0144	1.0000	1.0000
2300.1667	1.0000	1.0000
2300.3193	1.0000	1.0000
2300.4717	1.0000	1.0000
2300.6240	1.0000	1.0000
2300.7764	1.0000	1.0000
2300.9287	1.0000	1.0000
2301.0813	1.0000	1.0000
2301.2336	1.0000	1.0000
2301.3860	1.0000	1.0000
2301.5383	1.0000	1.0000
2301.6909	1.0000	1.0000
2301.8433	1.0000	1.0000
2301.9956	1.0000	1.0000
2302.1479	1.0000	1.0000
2302.3005	1.0000	1.0000
2302.4529	1.0000	1.0000
2302.6052	1.0000	1.0000
2302.7576	1.0000	1.0000
2302.9099	1.0000	1.0000
2303.0625	1.0000	1.0000
2303.2148	1.0000	1.0000
2303.3672	1.0000	1.0000
2303.5195	0.9910	1.0000
2303.6721	0.8490	1.0000
2303.8245	0.7590	1.0000
2303.9768	0.6940	0.9430
2304.1292	0.6860	0.9530
2304.2817	0.6910	0.9520
2304.4341	0.6940	0.9350
2304.5864	0.6990	0.9230
2304.7388	0.7230	0.9290
2304.8911	0.7720	0.9390
2305.0437	0.8030	0.9570
2305.1960	0.8340	0.9830
2305.3484	0.8490	0.9880
2305.5007	0.8780	1.0000
2305.6533	0.9100	1.0000
2305.8057	0.9470	1.0000
2305.9580	1.0000	1.0000
2306.1104	1.0000	1.0000
2306.2629	1.0000	1.0000
2306.4153	1.0000	1.0000
2306.5676	1.0000	1.0000
2306.7200	1.0000	1.0000
2306.8723	1.0000	1.0000
2307.0249	1.0000	1.0000
2307.1772	1.0000	1.0000
2307.3296	1.0000	1.0000
2307.4819	1.0000	1.0000
2307.6345	1.0000	1.0000
2307.7869	1.0000	1.0000
2307.9392	1.0000	1.0000
2308.0916	1.0000	1.0000
2308.2441	1.0000	1.0000
2308.3965	1.0000	1.0000
2308.5488	1.0000	1.0000
2308.7012	1.0000	1.0000
2308.8535	1.0000	1.0000
2309.0061	1.0000	1.0000
2309.1584	1.0000	1.0000
2309.3108	1.0000	1.0000
2309.4631	1.0000	1.0000
2309.6157	1.0000	1.0000
2309.7681	1.0000	1.0000
2309.9204	1.0000	1.0000
2310.0728	1.0000	1.0000
2310.2253	1.0000	1.0000
2310.3777	1.0000	1.0000
2310.5300	1.0000	1.0000
2310.6824	1.0000	1.0000
2310.8347	1.0000	1.0000
2310.9873	1.0000	1.0000
2311.1396	1.0000	1.0000
2311.2920	1.0000	1.0000
2311.4443	1.0000	1.0000
2311.5969	1.0000	1.0000
2311.7493	1.0000	1.0000
2311.9016	1.0000	1.0000
2312.0540	1.0000	1.0000
2312.2065	1.0000	1.0000
2312.3589	1.0000	1.0000
2312.5112	1.0000	1.0000
2312.6636	1.0000	1.0000
2312.8159	1.0000	1.0000
2312.9685	1.0000	1.0000
2313.1208	1.0000	1.0000
2313.2732	1.0000	1.0000
2313.4255	1.0000	1.0000
2313.5781	1.0000	1.0000
2313.7305	1.0000	1.0000
2313.8828	1.0000	1.0000
2314.0352	1.0000	1.0000
2314.1877	1.0000	1.0000
2314.3401	1.0000	1.0000
2314.4924	1.0000	1.0000
2314.6448	1.0000	1.0000
2314.7971	1.0000	1.0000
2314.9497	1.0000	1.0000
2315.1021	1.0000	1.0000
2315.2544	1.0000	1.0000
2315.4067	1.0000	1.0000
2315.5593	1.0000	1.0000
2315.7117	1.0000	1.0000
2315.8640	1.0000	1.0000
2316.0164	1.0000	1.0000
2316.1689	1.0000	1.0000
2316.3213	1.0000	1.0000
2316.4736	1.0000	1.0000
2316.6260	1.0000	1.0000
2316.7783	1.0000	1.0000
2316.9309	1.0000	1.0000
2317.0833	1.0000	1.0000
2317.2356	1.0000	1.0000
2317.3879	1.0000	1.0000
2317.5405	1.0000	1.0000
2317.6929	1.0000	1.0000
2317.8452	1.0000	1.0000
2317.9976	1.0000	1.0000
2318.1501	1.0000	1.0000
2318.3025	1.0000	1.0000
2318.4548	1.0000	1.0000
2318.6072	1.0000	1.0000
2318.7595	1.0000	1.0000
2318.9121	1.0000	1.0000
2319.0645	1.0000	1.0000
2319.2168	1.0000	1.0000
2319.3691	1.0000	1.0000
2319.5217	1.0000	1.0000
2319.6741	1.0000	1.0000
2319.8264	1.0000	1.0000
2319.9788	1.0000	1.0000
2320.1313	1.0000	1.0000
2320.2837	1.0000	1.0000
2320.4360	1.0000	1.0000
2320.5884	1.0000	1.0000
2320.7407	1.0000	1.0000
2320.8933	1.0000	1.0000
2321.0457	1.0000	1.0000
2321.1980	1.0000	1.0000
2321.3503	1.0000	1.0000
2321.5029	0.9970	1.0000
2321.6553	0.9980	1.0000
2321.8076	0.9930	1.0000
2321.9600	1.0000	1.0000
2322.1125	1.0000	1.0000
2322.2649	1.0000	1.0000
2322.4172	1.0000	1.0000
2322.5696	1.0000	1.0000
2322.7219	1.0000	1.0000
2322.8745	1.0000	1.0000
2323.0269	1.0000	1.0000
2323.1792	1.0000	1.0000
2323.3315	1.0000	1.0000
2323.4841	1.0000	1.0000
2323.6365	1.0000	1.0000
2323.7888	1.0000	1.0000
2323.9412	1.0000	1.0000
2324.0938	1.0000	1.0000
2324.2461	1.0000	1.0000
2324.3984	1.0000	1.0000
2324.5508	1.0000	1.0000
2324.7031	1.0000	1.0000
2324.8557	1.0000	1.0000
2325.0081	1.0000	1.0000
2325.1604	1.0000	1.0000
2325.3127	1.0000	1.0000
2325.4653	1.0000	1.0000
2325.6177	1.0000	1.0000
2325.7700	1.0000	1.0000
2325.9224	1.0000	1.0000
2326.0747	1.0000	1.0000
2326.2273	1.0000	1.0000
2326.3796	1.0000	1.0000
2326.5320	1.0000	1.0000
2326.6843	1.0000	1.0000
2326.8369	1.0000	1.0000
2326.9893	1.0000	1.0000
2327.1416	1.0000	1.0000
2327.2939	1.0000	1.0000
2327.4465	1.0000	1.0000
2327.5989	1.0000	1.0000
2327.7512	1.0000	1.0000
2327.9036	1.0000	1.0000
2328.0559	1.0000	1.0000
2328.2085	1.0000	1.0000
2328.3608	1.0000	1.0000
2328.5132	1.0000	1.0000
2328.6655	1.0000	1.0000
2328.8181	1.0000	1.0000
2328.9705	1.0000	1.0000
2329.1228	1.0000	1.0000
2329.2751	1.0000	1.0000
2329.4277	1.0000	1.0000
2329.5801	1.0000	1.0000
2329.7324	1.0000	1.0000
2329.8848	1.0000	1.0000
2330.0371	1.0000	1.0000
2330.1897	1.0000	1.0000
2330.3420	1.0000	1.0000
2330.4944	1.0000	1.0000
2330.6467	1.0000	1.0000
2330.7993	1.0000	1.0000
2330.9517	1.0000	1.0000
2331.1040	1.0000	1.0000
2331.2563	1.0000	1.0000
2331.4089	1.0000	1.0000
2331.5613	1.0000	1.0000
2331.7136	1.0000	1.0000
2331.8660	1.0000	1.0000
2332.0183	1.0000	1.0000
2332.1709	1.0000	1.0000
2332.3232	1.0000	1.0000
2332.4756	1.0000	1.0000
2332.6279	1.0000	1.0000
2332.7805	1.0000	1.0000
2332.9329	1.0000	1.0000
2333.0852	1.0000	1.0000
2333.2375	1.0000	1.0000
2333.3901	1.0000	1.0000
2333.5425	1.0000	1.0000
2333.6948	1.0000	1.0000
2333.8472	1.0000	1.0000
2333.9995	1.0000	1.0000
2334.1521	1.0000	1.0000
2334.3044	1.0000	1.0000
2334.4568	1.0000	1.0000
2334.6091	1.0000	1.0000
2334.7617	1.0000	1.0000
2334.9141	1.0000	1.0000
2335.0664	1.0000	1.0000
2335.2188	1.0000	1.0000
2335.3713	0.9810	1.0000
2335.5237	0.9820	1.0000
2335.6760	0.9820	1.0000
2335.8284	0.9850	1.0000
2335.9807	0.9590	1.0000
2336.1333	0.9960	1.0000
2336.2856	1.0000	1.0000
2336.4380	1.0000	1.0000
2336.5903	1.0000	1.0000
2336.7429	0.9490	1.0000
2336.8953	1.0000	1.0000
2337.0476	1.0000	1.0000
2337.2000	1.0000	1.0000
2337.3525	1.0000	1.0000
2337.5049	0.9490	1.0000
2337.6572	0.9380	1.0000
2337.8096	1.0000	1.0000
2337.9619	1.0000	1.0000
2338.1145	1.0000	1.0000
2338.2668	1.0000	1.0000
2338.4192	0.8860	1.0000
2338.5715	0.9050	1.0000
2338.7241	0.9320	1.0000
2338.8765	1.0000	1.0000
2339.0288	1.0000	1.0000
2339.1812	1.0000	1.0000
2339.3337	1.0000	1.0000
2339.4861	1.0000	1.0000
2339.6384	1.0000	1.0000
2339.7908	1.0000	1.0000
2339.9431	1.0000	1.0000
2340.0957	1.0000	1.0000
2340.2480	1.0000	1.0000
2340.4004	1.0000	1.0000
2340.5527	1.0000	1.0000
2340.7053	1.0000	1.0000
2340.8577	1.0000	1.0000
2341.0100	1.0000	1.0000
2341.1624	1.0000	1.0000
2341.3149	1.0000	1.0000
2341.4673	1.0000	1.0000
2341.6196	1.0000	1.0000
2341.7720	1.0000	1.0000
2341.9243	1.0000	1.0000
2342.0769	1.0000	1.0000
2342.2292	1.0000	1.0000
2342.3816	1.0000	1.0000
2342.5339	1.0000	1.0000
2342.6865	1.0000	1.0000
2342.8389	1.0000	1.0000
2342.9912	1.0000	1.0000
2343.1436	1.0000	1.0000
2343.2961	1.0000	1.0000
2343.4485	1.0000	1.0000
2343.6008	1.0000	1.0000
2343.7532	1.0000	1.0000
2343.9055	1.0000	1.0000
2344.0581	1.0000	1.0000
2344.2104	1.0000	1.0000
2344.3628	1.0000	1.0000
2344.5151	1.0000	1.0000
2344.6677	1.0000	1.0000
2344.8201	1.0000	1.0000
2344.9724	0.9980	1.0000
2345.1248	1.0000	1.0000
2345.2773	1.0000	1.0000
2345.4297	1.0000	1.0000
2345.5820	1.0000	1.0000
2345.7344	1.0000	1.0000
2345.8867	1.0000	1.0000
2346.0393	1.0000	1.0000
2346.1917	1.0000	1.0000
2346.3440	1.0000	1.0000
2346.4963	1.0000	1.0000
2346.6489	1.0000	1.0000
2346.8013	1.0000	1.0000
2346.9536	1.0000	1.0000
2347.1060	1.0000	1.0000
2347.2585	1.0000	1.0000
2347.4109	1.0000	1.0000
2347.5632	1.0000	1.0000
2347.7156	1.0000	1.0000
2347.8679	1.0000	1.0000
2348.0205	1.0000	1.0000
2348.1729	1.0000	1.0000
2348.3252	1.0000	1.0000
2348.4775	1.0000	1.0000
2348.6301	1.0000	1.0000
2348.7825	1.0000	1.0000
2348.9348	1.0000	1.0000
2349.0872	1.0000	1.0000
2349.2397	1.0000	1.0000
2349.3921	1.0000	1.0000
2349.5444	1.0000	1.0000
2349.6968	1.0000	1.0000
2349.8491	1.0000	1.0000
2350.0017	1.0000	1.0000
2350.1541	1.0000	1.0000
2350.3064	1.0000	1.0000
2350.4587	1.0000	1.0000
2350.6113	1.0000	1.0000
2350.7637	1.0000	1.0000
2350.9160	1.0000	1.0000
2351.0684	1.0000	1.0000
2351.2209	1.0000	1.0000
2351.3733	1.0000	1.0000
2351.5256	1.0000	1.0000
2351.6780	1.0000	1.0000
2351.8303	1.0000	1.0000
2351.9829	1.0000	1.0000
2352.1353	1.0000	1.0000
2352.2876	1.0000	1.0000
2352.4399	1.0000	1.0000
2352.5925	1.0000	1.0000
2352.7449	1.0000	1.0000
2352.8972	1.0000	1.0000
2353.0496	1.0000	1.0000
2353.2021	1.0000	1.0000
2353.3545	1.0000	1.0000
2353.5068	1.0000	1.0000
2353.6592	1.0000	1.0000
2353.8115	1.0000	1.0000
2353.9641	1.0000	1.0000
2354.1165	1.0000	1.0000
2354.2688	1.0000	1.0000
2354.4211	1.0000	1.0000
2354.5737	1.0000	1.0000
2354.7261	1.0000	1.0000
2354.8784	1.0000	1.0000
2355.0308	1.0000	1.0000
2355.1833	1.0000	1.0000
2355.3357	1.0000	1.0000
2355.4880	1.0000	1.0000
2355.6404	1.0000	1.0000
2355.7927	1.0000	1.0000
2355.9453	1.0000	1.0000
2356.0977	1.0000	1.0000
2356.2500	1.0000	1.0000
2356.4023	1.0000	1.0000
2356.5549	1.0000	1.0000
2356.7073	1.0000	1.0000
2356.8596	1.0000	1.0000
2357.0120	1.0000	1.0000
2357.1646	1.0000	1.0000
2357.3169	1.0000	1.0000
2357.4692	1.0000	1.0000
2357.6216	1.0000	1.0000
2357.7739	1.0000	1.0000
2357.9265	1.0000	1.0000
2358.0789	1.0000	1.0000
2358.2312	1.0000	1.0000
2358.3835	1.0000	1.0000
2358.5361	1.0000	1.0000
2358.6885	1.0000	1.0000
2358.8408	1.0000	1.0000
2358.9932	1.0000	1.0000
2359.1455	1.0000	1.0000
2359.2981	1.0000	1.0000
2359.4504	1.0000	1.0000
2359.6028	1.0000	1.0000
2359.7551	1.0000	1.0000
2359.9077	1.0000	1.0000
2360.0601	1.0000	1.0000
2360.2124	1.0000	1.0000
2360.3647	1.0000	1.0000
2360.5173	1.0000	1.0000
2360.6697	1.0000	1.0000
2360.8220	1.0000	1.0000
2360.9744	1.0000	1.0000
2361.1267	1.0000	1.0000
2361.2793	1.0000	1.0000
2361.4316	1.0000	1.0000
2361.5840	1.0000	1.0000
2361.7363	1.0000	1.0000
2361.8889	1.0000	1.0000
2362.0413	1.0000	1.0000
2362.1936	1.0000	1.0000
2362.3459	1.0000	1.0000
2362.4985	1.0000	1.0000
2362.6509	1.0000	1.0000
2362.8032	1.0000	1.0000
2362.9556	1.0000	1.0000
2363.1079	1.0000	1.0000
2363.2605	1.0000	1.0000
2363.4128	1.0000	1.0000
2363.5652	1.0000	1.0000
2363.7175	1.0000	1.0000
2363.8701	1.0000	1.0000
2364.0225	1.0000	1.0000
2364.1748	1.0000	1.0000
2364.3271	1.0000	1.0000
2364.4797	1.0000	1.0000
2364.6321	1.0000	1.0000
2364.7844	1.0000	1.0000
2364.9368	1.0000	1.0000
2365.0891	1.0000	1.0000
2365.2417	1.0000	1.0000
2365.3940	1.0000	1.0000
2365.5464	1.0000	1.0000
2365.6987	1.0000	1.0000
2365.8513	1.0000	1.0000
2366.0037	1.0000	1.0000
2366.1560	1.0000	1.0000
2366.3083	1.0000	1.0000
2366.4609	1.0000	1.0000
2366.6133	1.0000	1.0000
2366.7656	1.0000	1.0000
2366.9180	1.0000	1.0000
2367.0703	1.0000	1.0000
2367.2229	1.0000	1.0000
2367.3752	1.0000	1.0000
2367.5276	1.0000	1.0000
2367.6799	1.0000	1.0000
2367.8325	1.0000	1.0000
2367.9849	1.0000	1.0000
2368.1372	1.0000	1.0000
2368.2896	1.0000	1.0000
2368.4421	1.0000	1.0000
2368.5945	1.0000	1.0000
2368.7468	1.0000	1.0000
2368.8992	1.0000	1.0000
2369.0515	1.0000	1.0000
2369.2041	1.0000	1.0000
2369.3564	1.0000	1.0000
2369.5088	1.0000	1.0000
2369.6611	1.0000	1.0000
2369.8137	1.0000	1.0000
2369.9661	1.0000	1.0000
2370.1184	1.0000	1.0000
2370.2708	1.0000	1.0000
2370.4233	1.0000	1.0000
2370.5757	1.0000	1.0000
2370.7280	1.0000	1.0000
2370.8804	1.0000	1.0000
2371.0327	1.0000	1.0000
2371.1853	1.0000	1.0000
2371.3376	1.0000	1.0000
2371.4900	1.0000	1.0000
2371.6423	1.0000	1.0000
2371.7949	1.0000	1.0000
2371.9473	1.0000	1.0000
2372.0996	1.0000	1.0000
2372.2520	1.0000	1.0000
2372.4045	1.0000	1.0000
2372.5569	1.0000	1.0000
2372.7092	1.0000	1.0000
2372.8616	1.0000	1.0000
2373.0139	1.0000	1.0000
2373.1665	1.0000	1.0000
2373.3188	1.0000	1.0000
2373.4712	1.0000	1.0000
2373.6235	1.0000	1.0000
2373.7761	1.0000	1.0000
2373.9285	1.0000	1.0000
2374.0808	1.0000	1.0000
2374.2332	1.0000	1.0000
2374.3857	1.0000	1.0000
2374.5381	1.0000	1.0000
2374.6904	1.0000	1.0000
2374.8428	1.0000	1.0000
2374.9951	1.0000	1.0000
2375.1477	1.0000	1.0000
2375.3000	1.0000	1.0000
2375.4524	1.0000	1.0000
2375.6047	1.0000	1.0000
2375.7573	1.0000	1.0000
2375.9097	1.0000	1.0000
2376.0620	1.0000	1.0000
2376.2144	1.0000	1.0000
2376.3669	1.0000	1.0000
2376.5193	1.0000	1.0000
2376.6716	1.0000	1.0000
2376.8240	1.0000	1.0000
2376.9763	1.0000	1.0000
2377.1289	1.0000	1.0000
2377.2812	1.0000	1.0000
2377.4336	1.0000	1.0000
2377.5859	1.0000	1.0000
2377.7385	1.0000	1.0000
2377.8909	1.0000	1.0000
2378.0432	1.0000	1.0000
2378.1956	1.0000	1.0000
2378.3481	1.0000	1.0000
2378.5005	1.0000	1.0000
2378.6528	1.0000	1.0000
2378.8052	1.0000	1.0000
2378.9575	1.0000	1.0000
2379.1101	1.0000	1.0000
2379.2625	1.0000	1.0000
2379.4148	1.0000	1.0000
2379.5671	1.0000	1.0000
2379.7197	1.0000	1.0000
2379.8721	1.0000	1.0000
2380.0244	1.0000	1.0000
2380.1768	1.0000	1.0000
2380.3293	1.0000	1.0000
2380.4817	1.0000	1.0000
2380.6340	1.0000	1.0000
2380.7864	1.0000	1.0000
2380.9387	1.0000	1.0000
2381.0913	1.0000	1.0000
2381.2437	1.0000	1.0000
2381.3960	1.0000	1.0000
2381.5483	1.0000	1.0000
2381.7009	1.0000	1.0000
2381.8533	1.0000	1.0000
2382.0056	1.0000	1.0000
2382.1580	1.0000	1.0000
2382.3105	1.0000	1.0000
2382.4629	0.9870	1.0000
2382.6152	1.0000	1.0000
2382.7676	0.9980	1.0000
2382.9199	1.0000	1.0000
2383.0725	1.0000	1.0000
2383.2249	1.0000	1.0000
2383.3772	1.0000	1.0000
2383.5295	1.0000	1.0000
2383.6821	1.0000	1.0000
2383.8345	1.0000	1.0000
2383.9868	1.0000	1.0000
2384.1392	1.0000	1.0000
2384.2917	0.9890	1.0000
2384.4441	1.0000	1.0000
2384.5964	1.0000	1.0000
2384.7488	1.0000	1.0000
2384.9011	1.0000	1.0000
2385.0537	1.0000	1.0000
2385.2061	1.0000	1.0000
2385.3584	1.0000	1.0000
2385.5107	1.0000	1.0000
2385.6633	1.0000	1.0000
2385.8157	1.0000	1.0000
2385.9680	1.0000	1.0000
2386.1204	1.0000	1.0000
2386.2729	1.0000	1.0000
2386.4253	1.0000	1.0000
2386.5776	1.0000	1.0000
2386.7300	1.0000	1.0000
2386.8823	1.0000	1.0000
2387.0349	1.0000	1.0000
2387.1873	1.0000	1.0000
2387.3396	1.0000	1.0000
2387.4919	1.0000	1.0000
2387.6445	1.0000	1.0000
2387.7969	1.0000	1.0000
2387.9492	1.0000	1.0000
2388.1016	1.0000	1.0000
2388.2542	0.9640	1.0000
2388.4065	1.0000	1.0000
2388.5588	1.0000	1.0000
2388.7112	1.0000	1.0000
2388.8635	1.0000	1.0000
2389.0161	1.0000	1.0000
2389.1685	1.0000	1.0000
2389.3208	1.0000	1.0000
2389.4731	1.0000	1.0000
2389.6257	1.0000	1.0000
2389.7781	1.0000	1.0000
2389.9304	1.0000	1.0000
2390.0828	1.0000	1.0000
2390.2354	1.0000	1.0000
2390.3877	1.0000	1.0000
2390.5400	1.0000	1.0000
2390.6924	1.0000	1.0000
2390.8447	1.0000	1.0000
2390.9973	1.0000	1.0000
2391.1497	1.0000	1.0000
2391.3020	1.0000	1.0000
2391.4543	0.9710	1.0000
2391.6069	0.9760	1.0000
2391.7593	1.0000	1.0000
2391.9116	1.0000	1.0000
2392.0640	1.0000	1.0000
2392.2163	1.0000	1.0000
2392.3689	1.0000	1.0000
2392.5212	1.0000	1.0000
2392.6736	1.0000	1.0000
2392.8259	1.0000	1.0000
2392.9785	1.0000	1.0000
2393.1309	1.0000	1.0000
2393.2832	1.0000	1.0000
2393.4355	1.0000	1.0000
2393.5881	1.0000	1.0000
2393.7405	1.0000	1.0000
2393.8928	1.0000	1.0000
2394.0452	1.0000	1.0000
2394.1975	1.0000	1.0000
2394.3501	1.0000	1.0000
2394.5024	1.0000	1.0000
2394.6548	1.0000	1.0000
2394.8071	1.0000	1.0000
2394.9597	1.0000	1.0000
2395.1121	1.0000	1.0000
2395.2644	1.0000	1.0000
2395.4167	1.0000	1.0000
2395.5693	1.0000	1.0000
2395.7217	1.0000	1.0000
2395.8740	1.0000	1.0000
2396.0264	1.0000	1.0000
2396.1787	1.0000	1.0000
2396.3313	1.0000	1.0000
2396.4836	1.0000	1.0000
2396.6360	1.0000	1.0000
2396.7883	1.0000	1.0000
2396.9409	1.0000	1.0000
2397.0933	1.0000	1.0000
2397.2456	1.0000	1.0000
2397.3979	1.0000	1.0000
2397.5505	1.0000	1.0000
2397.7029	1.0000	1.0000
2397.8552	1.0000	1.0000
2398.0076	1.0000	1.0000
2398.1599	1.0000	1.0000
2398.3125	1.0000	1.0000
2398.4648	1.0000	1.0000
2398.6172	1.0000	1.0000
2398.7695	1.0000	1.0000
2398.9221	1.0000	1.0000
2399.0745	1.0000	1.0000
2399.2268	1.0000	1.0000
2399.3792	1.0000	1.0000
2399.5317	1.0000	1.0000
2399.6841	1.0000	1.0000
2399.8364	1.0000	1.0000
2399.9888	1.0000	1.0000
-999.2500	-999.2500	-999.2500
-999.2500	-999.2500	-999.2500
-999.2500	-999.2500	-999.2500
-999.2500	-999.2500	-999.2500
-999.2500	-999.2500	-999.2500
-999.2500	-999.2500	-999.2500
-999.2500	-999.2500	-999.2500
-999.2500	-999.2500	-999.2500
-999.2500	-999.2500	-999.2500
-999.2500	-999.2500	-999.2500
-999.2500	-999.2500	-999.2500
-999.2500	-999.2500	-999.2500
-999.2500	-999.2500	-999.2500
-999.2500	-999.2500	-999.2500
-999.2500	-999.2500	-999.2500
