%' Depth (m) '	      ' Vp'	    'Density'	'Gamma Ray'    
    1993.44080        2.07913        1.92810       90.16550
    1993.59314        2.11520        1.93500       88.57340
    1993.74561        2.10788        1.96730       87.88420
    1993.89795        2.11520        2.00090       86.38610
    1994.05042        2.13147        2.01870       84.63190
    1994.20276        2.13745        2.02000       87.15460
    1994.35522        2.16324        2.00870       85.69610
    1994.50757        2.20072        1.98720       88.79030
    1994.66003        2.24448        1.95250       91.30320
    1994.81238        2.19123        1.93170       90.29380
    1994.96484        2.16017        1.92950       88.81520
    1995.11719        2.10207        1.94440       88.34320
    1995.26965        2.09341        2.00660       89.42380
    1995.42200        2.05668        1.96920       88.54730
    1995.57434        2.08339        1.91890       88.56730
    1995.72681        2.21834        1.89510       90.57010
    1995.87915        2.22319        1.91320       90.44210
    1996.03162        2.23789        1.98370       89.39280
    1996.18396        2.18808        2.06180       89.43240
    1996.33643        2.18651        2.11410       90.53090
    1996.48877        2.09629        2.10570       90.11280
    1996.64124        2.10934        2.07730       89.51550
    1996.79358        2.14346        2.08150       90.73410
    1996.94604        2.13595        2.07810       88.74260
    1997.09839        2.11520        2.08420       88.80790
    1997.25085        2.14045        2.09070       86.71100
    1997.40320        2.15254        2.08680       88.69210
    1997.55554        2.15559        2.05600       90.09190
    1997.70801        2.16170        2.04560       93.71050
    1997.86035        2.18182        2.02980       91.92540
    1998.01282        2.16324        2.04850       89.09170
    1998.16516        2.16477        2.02830       91.00890
    1998.31763        2.15254        2.05620       90.50130
    1998.46997        2.13895        2.09530       91.32170
    1998.62244        2.15864        2.14440       91.51910
    1998.77478        2.20072        2.18990       91.97110
    1998.92725        2.19123        2.21850       91.46280
    1999.07959        2.19913        2.18570       93.05920
    1999.23206        2.20870        2.15970       92.01890
    1999.38440        2.20072        2.16120       89.34440
    1999.53674        2.19913        2.16540       91.91510
    1999.68921        2.17094        2.15730       94.88240
    1999.84155        2.18338        2.15890       95.93790
    1999.99402        2.14497        2.17740       96.83270
    2000.14636        2.21996        2.22150       95.68220
    2000.29883        2.19123        2.25510       92.05270
    2000.45117        2.18808        2.24840       92.76800
    2000.60364        2.25945        2.25160       90.24290
    2000.75598        2.24118        2.24790       87.48070
    2000.90845        2.25611        2.23130       89.52740
    2001.06079        2.24945        2.21990       87.23390
    2001.21326        2.19755        2.22570       90.51050
    2001.36560        2.23460        2.23200       96.59850
    2001.51794        2.22807        2.27540       97.80130
    2001.67041        2.19123        2.36070      101.02240
    2001.82275        2.19281        2.40680       98.56580
    2001.97522        2.18338        2.31970       97.21100
    2002.12756        2.19123        2.21090       96.45210
    2002.28003        2.21834        2.15950       96.33430
    2002.43237        2.25277        2.12120       95.89950
    2002.58484        2.27293        2.11440       94.98170
    2002.73718        2.30211        2.08680       96.52890
    2002.88965        2.33028        2.11870       96.25840
    2003.04199        2.30734        2.12650       98.41090
    2003.19446        2.28315        2.13160       95.11610
    2003.34680        2.23789        2.12400       93.54160
    2003.49915        2.25111        2.12270       91.62620
    2003.65161        2.23460        2.09310       90.27670
    2003.80396        2.26617        2.05200       94.25710
    2003.95642        2.28829        2.03710       95.43510
    2004.10876        2.31435        2.08680       95.59950
    2004.26123        2.28144        2.13470       93.33640
    2004.41357        2.28657        2.14460       93.32940
    2004.56604        2.32850        2.11070       94.36110
    2004.71838        2.38684        2.09450       93.01120
    2004.87085        2.39623        2.09400       96.04280
    2005.02319        2.39246        2.11000       95.48520
    2005.17566        2.39623        2.13250       92.71450
    2005.32800        2.35913        2.18520       91.81840
    2005.48035        2.39434        2.20870       98.79930
    2005.63281        2.34101        2.17870       97.79530
    2005.78516        2.33922        2.13460       97.70200
    2005.93762        2.31963        2.11940       98.68050
    2006.08997        2.33922        2.10090       97.31270
    2006.24243        2.35004        2.11950       97.15700
    2006.39478        2.31611        2.12990       97.91950
    2006.54724        2.32317        2.13410       95.37790
    2006.69958        2.31084        2.10760       96.46270
    2006.85205        2.29345        2.10150       97.90070
    2007.00439        2.26955        2.09550       96.95700
    2007.15686        2.29691        2.11840       96.79320
    2007.30920        2.34101        2.12850       93.79570
    2007.46155        2.37014        2.15750       91.73410
    2007.61401        2.41521        2.16320       89.60950
    2007.76636        2.36646        2.17170       93.61110
    2007.91882        2.34281        2.15010       94.22120
    2008.07117        2.35367        2.13240       97.01490
    2008.22363        2.41330        2.12260       98.80290
    2008.37598        2.28315        2.15570       97.54360
    2008.52844        2.21030        2.20730       99.98400
    2008.68079        2.21673        2.19090      102.02070
    2008.83325        2.29173        2.17500      105.98580
    2008.98560        2.37754        2.16610      105.90380
    2009.13794        2.47604        2.15750      102.70010
    2009.29041        2.45806        2.13300      100.29970
    2009.44275        2.44231        2.10070      101.81790
    2009.59521        2.45806        2.11520      103.06220
    2009.74756        2.44427        2.13830      101.84200
    2009.90002        2.40189        2.14580       99.02640
    2010.05237        2.44427        2.11770      101.39390
    2010.20483        2.49223        2.10100      104.01540
    2010.35718        2.46403        2.08640      105.82090
    2010.50964        2.41713        2.10310      103.94640
    2010.66199        2.34642        2.12130      103.43140
    2010.81445        2.35367        2.12320      105.51070
    2010.96680        2.34823        2.13300      105.32840
    2011.11914        2.37939        2.14490      105.68530
    2011.27161        2.37198        2.15240      105.39220
    2011.42395        2.33206        2.11750      104.18580
    2011.57642        2.31611        2.08020      103.06100
    2011.72876        2.29173        2.08290      106.86000
    2011.88123        2.31259        2.12690      103.21540
    2012.03357        2.34642        2.13510      101.55700
    2012.18604        2.37568        2.16360      102.06850
    2012.33838        2.32494        2.16290      105.29610
    2012.49084        2.35549        2.14080      104.01180
    2012.64319        2.33384        2.09230      102.40270
    2012.79565        2.29691        2.08340      101.87680
    2012.94800        2.29345        2.10450      100.18490
    2013.10034        2.24945        2.12450      101.52310
    2013.25281        2.25111        2.12990       97.37620
    2013.40515        2.21190        2.15010       98.86490
    2013.55762        2.25611        2.14160      101.38060
    2013.70996        2.26955        2.12780       98.82570
    2013.86243        2.29001        2.10940       97.85350
    2014.01477        2.28486        2.12130      103.84810
    2014.16724        2.29001        2.12800      105.25940
    2014.31958        2.29173        2.13820      104.04840
    2014.47205        2.27973        2.16450      104.19510
    2014.62439        2.29173        2.17310      103.99910
    2014.77686        2.31084        2.18010      106.50110
    2014.92920        2.33563        2.14790      108.21040
    2015.08154        2.32850        2.13680      109.70000
    2015.23401        2.33922        2.12990      109.13390
    2015.38635        2.34823        2.12880      104.73310
    2015.53882        2.35185        2.13220      105.31230
    2015.69116        2.34101        2.13730      103.49000
    2015.84363        2.35367        2.13610      106.08440
    2015.99597        2.34101        2.12890      106.10870
    2016.14844        2.33742        2.12970      106.49250
    2016.30078        2.39623        2.14640      106.72530
    2016.45325        2.41139        2.18180      105.78860
    2016.60559        2.38125        2.17670      103.46090
    2016.75806        2.33206        2.15030      106.06090
    2016.91040        2.38871        2.12640      109.89120
    2017.06274        2.40000        2.12090      107.09370
    2017.21521        2.38871        2.11860      107.01920
    2017.36755        2.43062        2.09960      108.90550
    2017.52002        2.36279        2.08360      107.48030
    2017.67236        2.37754        2.06150      104.12780
    2017.82483        2.38125        2.07780      103.99220
    2017.97717        2.38498        2.07550      107.35410
    2018.12964        2.35004        2.10330      109.86690
    2018.28198        2.39059        2.11210      109.87940
    2018.43445        2.35913        2.11310      105.85550
    2018.58679        2.36279        2.11870      106.90710
    2018.73926        2.36096        2.12920      108.62270
    2018.89160        2.32140        2.14400      105.43640
    2019.04395        2.33742        2.16390      108.87860
    2019.19641        2.30211        2.17610      105.82710
    2019.34875        2.27633        2.18160      102.21210
    2019.50122        2.32494        2.17910      103.56990
    2019.65356        2.32317        2.17580      102.00870
    2019.80603        2.32672        2.23000      104.19700
    2019.95837        2.30211        2.30550      104.85450
    2020.11084        2.35367        2.33420      104.70690
    2020.26318        2.35004        2.26570      105.21090
    2020.41565        2.39246        2.20850      105.11750
    2020.56799        2.38684        2.19970      107.60050
    2020.72046        2.32140        2.19200      108.28160
    2020.87280        2.32850        2.20450      108.07090
    2021.02515        2.32140        2.20090      107.31310
    2021.17761        2.20231        2.20610      110.18400
    2021.32996        2.22482        2.19140      102.83720
    2021.48242        2.30734        2.19730      110.10710
    2021.63477        2.30211        2.19550      111.88040
    2021.78723        2.32317        2.19190      112.65430
    2021.93958        2.30385        2.16910      110.21050
    2022.09204        2.21190        2.16230      110.65520
    2022.24438        2.14648        2.15060      113.02320
    2022.39685        2.40758        2.14840      106.64180
    2022.54919        2.37939        2.13920      104.01960
    2022.70166        2.33384        2.14910      101.85450
    2022.85400        2.36830        2.15570      105.46860
    2023.00635        2.17094        2.15270      105.34930
    2023.15881        2.18651        2.16430      107.72980
    2023.31116        2.37014        2.17620      107.69450
    2023.46362        2.40189        2.20150      108.20180
    2023.61597        2.34281        2.21540      108.40610
    2023.76843        2.33742        2.19730      108.53930
    2023.92078        2.31435        2.20700      106.02790
    2024.07324        2.31259        2.22950      109.73940
    2024.22559        2.30560        2.15100      108.49140
    2024.37805        2.32850        2.05920      102.02070
    2024.53040        2.33563        2.01600       99.12510
    2024.68274        2.29345        2.06370      101.17030
    2024.83521        2.31435        2.11460      103.13580
    2024.98755        2.29864        2.14380      104.62250
    2025.14001        2.28829        2.12660      107.91900
    2025.29236        2.31611        2.08150      100.83230
    2025.44482        2.30734        2.04400      107.56660
    2025.59717        2.30560        2.02960      101.22290
    2025.74963        2.27293        2.04710      108.01690
    2025.90198        2.21512        2.06800      110.24990
    2026.05444        2.22157        2.09690      103.63780
    2026.20679        2.23953        2.10630      104.62580
    2026.35925        2.27973        2.10310      103.79010
    2026.51160        2.27124        2.08660      106.26580
    2026.66394        2.26617        2.10850      106.52170
    2026.81641        2.27293        2.11540      108.77790
    2026.96875        2.28829        2.11760      105.91430
    2027.12122        2.26617        2.10640      105.39270
    2027.27356        2.30211        2.09080       99.48140
    2027.42603        2.31259        2.08040       99.53570
    2027.57837        2.31259        2.09710      102.26720
    2027.73083        2.38125        2.11560      100.38010
    2027.88318        2.46602        2.16400       99.68490
    2028.03564        2.59404        2.16300      100.36620
    2028.18799        2.56998        2.15130      102.23690
    2028.34045        2.53367        2.13580      106.27550
    2028.49280        2.45806        2.14700      104.43730
    2028.64514        2.31259        2.13840      104.96390
    2028.79761        2.29864        2.14530      106.95840
    2028.94995        2.29001        2.12640      105.67040
    2029.10242        2.27293        2.13710       98.80000
    2029.25476        2.27803        2.15410       97.40630
    2029.40723        2.34823        2.19310       98.71500
    2029.55957        2.36462        2.17010       97.35330
    2029.71204        2.37198        2.12910      103.28320
    2029.86438        2.38311        2.10410       99.53220
    2030.01685        2.34101        2.09440       97.60690
    2030.16919        2.39246        2.11180       93.55310
    2030.32166        2.36830        2.11770       96.48200
    2030.47400        2.36830        2.12530       96.38430
    2030.62634        2.36830        2.14660       99.07190
    2030.77881        2.28144        2.17380       97.46280
    2030.93115        2.25444        2.18080       97.36330
    2031.08362        2.27293        2.14360       94.60810
    2031.23596        2.30734        2.09340      105.43290
    2031.38843        2.32850        2.08590       99.43670
    2031.54077        2.39811        2.09910       99.38230
    2031.69324        2.41521        2.11650       99.86900
    2031.84558        2.42289        2.11950       99.80640
    2031.99805        2.38125        2.12290      101.22160
    2032.15039        2.37568        2.13850       95.73950
    2032.30286        2.35367        2.13650       93.77910
    2032.45520        2.34281        2.13200       95.13890
    2032.60754        2.31259        2.10400       96.05460
    2032.76001        2.28315        2.09540       94.43700
    2032.91235        2.25611        2.09120      101.48390
    2033.06482        2.27463        2.12350      104.41470
    2033.21716        2.26955        2.13640      108.25870
    2033.36963        2.31435        2.12310      112.54730
    2033.52197        2.36279        2.14070      114.28020
    2033.67444        2.40949        2.19370      116.94830
    2033.82678        2.39059        2.29040      100.16600
    2033.97925        2.40379        2.31000      101.98410
    2034.13159        2.38871        2.28380      100.23270
    2034.28406        2.33206        2.26820      100.44560
    2034.43640        2.33922        2.25860       97.75590
    2034.58875        2.36462        2.23540       96.14690
    2034.74121        2.32140        2.21390       97.46040
    2034.89355        2.32494        2.22080       97.73610
    2035.04602        2.33028        2.22600      101.45030
    2035.19836        2.27124        2.21210      100.01030
    2035.35083        2.27124        2.20490       99.39590
    2035.50317        2.34642        2.19490      100.60030
    2035.65564        2.30385        2.16090       98.35890
    2035.80798        2.27124        2.14290      101.24930
    2035.96045        2.27293        2.20150       98.61390
    2036.11279        2.29173        2.24780       98.62730
    2036.26526        2.34101        2.22400       99.65230
    2036.41760        2.34642        2.20260      100.10900
    2036.56995        2.32140        2.20640      101.55640
    2036.72241        2.33028        2.23940      100.46570
    2036.87476        2.30211        2.26210      100.79220
    2037.02722        2.24613        2.29580      105.10040
    2037.17957        2.29345        2.33180       97.76740
    2037.33203        2.35367        2.35390      100.09220
    2037.48438        2.33742        2.36920       93.30490
    2037.63684        2.35185        2.34220       98.89610
    2037.78918        2.36830        2.30510      101.58730
    2037.94165        2.30734        2.31190       98.48410
    2038.09399        2.30211        2.30940       96.51790
    2038.24646        2.34281        2.30760       98.68900
    2038.39880        2.31435        2.30630       98.24240
    2038.55115        2.31787        2.27480       99.67510
    2038.70361        2.31963        2.23240       97.38900
    2038.85596        2.27463        2.28740       98.29260
    2039.00842        2.29173        2.38250       96.69040
    2039.16077        2.27803        2.50070      101.86520
    2039.31323        2.26449        2.42620      102.60600
    2039.46558        2.25945        2.30420      101.24310
    2039.61804        2.31787        2.21190       97.25290
    2039.77039        2.31435        2.18590       99.90740
    2039.92285        2.30560        2.18780      101.97510
    2040.07520        2.29173        2.17880       99.51300
    2040.22754        2.23953        2.14810      100.11360
    2040.38000        2.24448        2.11810      101.82770
    2040.53235        2.24118        2.09300       99.16400
    2040.68481        2.15864        2.10370       98.69460
    2040.83716        2.21351        2.09820       92.20610
    2040.98962        2.27124        2.09060       94.88270
    2041.14197        2.27293        2.07930       94.59050
    2041.29443        2.28657        2.07580       94.71830
    2041.44678        2.23297        2.08380      105.51440
    2041.59924        2.33028        2.09550       99.78450
    2041.75159        2.46802        2.09400      101.88920
    2041.90405        2.63668        2.08410       99.48320
    2042.05640        2.58744        2.09630      102.24170
    2042.20874        2.68310        2.10610      104.64560
    2042.36121        2.44819        2.10350      110.81380
    2042.51355        2.30560        2.10650      122.33320
    2042.66602        2.46005        2.14300      126.62620
    2042.81836        2.49020        2.17410      122.81070
    2042.97083        2.53788        2.19080      121.65230
    2043.12317        2.69973        2.17070      120.97170
    2043.27563        3.00592        2.14770      116.98900
    2043.42798        3.07879        2.13290      118.88410
    2043.58044        2.83008        2.14550      123.30590
    2043.73279        2.96787        2.16440      131.65530
    2043.88525        2.80147        2.17290      128.95599
    2044.03760        3.08815        2.14940      127.19040
    2044.18994        3.53596        2.11860      110.77690
    2044.34241        3.82915        2.08970      108.63650
    2044.49475        3.14876        2.10210      116.57590
    2044.64722        3.26338        2.13930      137.42250
    2044.79956        2.72630        2.14260      152.43590
    2044.95203        2.46204        2.11340      169.82230
    2045.10437        2.49223        2.14840      171.74400
    2045.25684        2.51901        2.19510      173.17880
    2045.40918        2.59184        2.18440      166.10960
    2045.56165        2.58524        2.11950      158.42670
    2045.71399        3.00888        2.13490      157.16400
    2045.86646        3.20168        2.19410      153.73531
    2046.01880        3.19162        2.23850      151.21010
    2046.17114        3.04800        2.24800      153.96370
    2046.32361        3.14876        2.27690      157.77190
    2046.47595        2.68074        2.29820      162.28979
    2046.62842        2.69258        2.29670      170.72279
    2046.78076        2.66667        2.28170      167.49750
    2046.93323        2.57215        2.26760      137.75591
    2047.08557        3.22881        2.27540      116.94980
    2047.23804        3.48343        2.26240       97.03800
    2047.39038        3.46758        2.22040      100.29630
    2047.54285        3.25989        2.19350      106.89410
    2047.69519        2.79377        2.19740      115.02410
    2047.84766        2.43645        2.21440      121.98480
    2048.00000        2.43840        2.21420      130.73630
    2048.15234        2.42289        2.20960      124.14570
    2048.30469        2.23133        2.22580      131.84019
    2048.45728        2.29518        2.23190      122.87600
    2048.60962        2.32672        2.22550      126.72420
    2048.76196        2.30211        2.22750      118.02410
    2048.91431        2.50246        2.22500      116.87810
    2049.06689        2.01188        2.19820      119.40910
    2049.21924        2.09629        2.07200      121.31900
    2049.37158        2.16631        1.95650      125.02470
    2049.52393        2.18808        1.93140      121.70970
    2049.67651        2.19597        2.01040      114.90460
    2049.82886        2.19438        2.12820      112.54830
    2049.98120        2.20550        2.21270      111.77620
    2050.13354        2.24283        2.24330      107.63650
    2050.28589        2.22644        2.24330      107.60780
    2050.43848        2.20550        2.22980      104.80060
    2050.59082        2.20710        2.23290      108.58110
    2050.74316        2.24118        2.23990      105.12140
    2050.89551        2.30909        2.24400       94.03560
    2051.04810        2.40758        2.24730       94.17590
    2051.20044        2.36646        2.25920       97.49880
    2051.35278        2.36830        2.27550      100.89330
    2051.50513        2.26617        2.28140      103.79530
    2051.65771        2.28486        2.26790      102.81610
    2051.81006        2.31787        2.25070      101.50720
    2051.96240        2.32850        2.24590       97.33680
    2052.11475        2.27973        2.25170      103.28980
    2052.26709        2.24945        2.25560       97.91900
    2052.41968        2.26281        2.23890      100.53650
    2052.57202        2.29001        2.22950      100.08010
    2052.72437        2.28657        2.24420      104.24200
    2052.87671        2.20231        2.27140      103.75500
    2053.02930        2.43450        2.29010       96.41350
    2053.18164        2.59404        2.27820       96.70580
    2053.33398        2.70693        2.25460       78.96160
    2053.48633        2.66434        2.25780       82.11440
    2053.63892        2.54637        2.26510       91.44020
    2053.79126        2.30038        2.28030      107.74150
    2053.94360        2.24613        2.27000      110.73350
    2054.09595        2.31259        2.26600       97.31840
    2054.24829        2.29691        2.26450       97.14490
    2054.40088        2.39434        2.28250       97.71910
    2054.55322        2.37754        2.28800       97.09120
    2054.70557        2.43450        2.28440       98.24500
    2054.85791        2.51901        2.26830       99.77990
    2055.01050        2.48816        2.26550      105.19900
    2055.16284        2.44035        2.25230      106.50520
    2055.31519        2.54424        2.25820      102.24330
    2055.46753        2.54849        2.26450       99.04690
    2055.62012        2.53788        2.26730       97.08710
    2055.77246        2.53577        2.27630       94.15750
    2055.92480        2.57868        2.27600       92.55550
    2056.07715        2.58524        2.28650       92.07730
    2056.22949        2.49836        2.28710       91.61020
    2056.38208        2.49223        2.29790       91.63900
    2056.53442        2.47002        2.29450      100.00200
    2056.68677        2.47202        2.28410      102.69140
    2056.83911        2.46802        2.28420      101.70680
    2056.99170        2.46403        2.29180       95.87780
    2057.14404        2.41139        2.29470       97.30190
    2057.29639        2.37568        2.27960       95.34570
    2057.44873        2.30734        2.27320       95.95790
    2057.60132        2.30560        2.27590       96.70340
    2057.75366        2.27293        2.29250       97.71900
    2057.90601        2.37198        2.29600       96.90070
    2058.05835        2.43062        2.30030       98.12360
    2058.21069        2.45213        2.30750       94.33370
    2058.36328        2.46403        2.30830       91.45430
    2058.51562        2.42675        2.28990       92.05950
    2058.66797        2.36462        2.27370       95.51330
    2058.82031        2.36646        2.29400       91.74850
    2058.97290        2.36279        2.32280       91.24210
    2059.12524        2.35731        2.33220       91.36260
    2059.27759        2.40379        2.33900       88.92970
    2059.42993        2.42097        2.34130       90.53050
    2059.58252        2.46602        2.35370       89.87730
    2059.73486        2.41905        2.37230       91.00210
    2059.88721        2.38871        2.36740       85.81380
    2060.03955        2.39434        2.34240       85.36750
    2060.19189        2.38871        2.31840       85.86530
    2060.34448        2.38684        2.31700       89.07670
    2060.49683        2.36830        2.31770       88.83110
    2060.64917        2.34462        2.31340       85.53150
    2060.80151        2.37198        2.30470       83.27480
    2060.95410        2.39811        2.30280       83.71410
    2061.10645        2.39246        2.30830       83.97770
    2061.25879        2.38684        2.31450       87.76780
    2061.41113        2.36646        2.31160       90.38480
    2061.56372        2.34642        2.31120       88.42680
    2061.71606        2.34823        2.31880       91.68790
    2061.86841        2.40758        2.32770       93.94450
    2062.02075        2.39811        2.33530       88.67410
    2062.17310        2.38311        2.33850       84.81900
    2062.32568        2.40189        2.33300       85.36260
    2062.47803        2.40189        2.32080       89.22410
    2062.63037        2.35731        2.31330       87.77770
    2062.78271        2.35367        2.31710       86.04910
    2062.93530        2.35913        2.33350       91.65750
    2063.08765        2.33563        2.33900       91.73120
    2063.23999        2.35549        2.34340       91.92020
    2063.39233        2.35913        2.34750       91.83900
    2063.54492        2.35004        2.34780       90.02020
    2063.69727        2.39246        2.35740       90.60120
    2063.84961        2.43062        2.35720       91.24620
    2064.00195        2.45411        2.35500       94.70320
    2064.15430        2.47202        2.34210       96.48280
    2064.30688        2.45016        2.34200       90.72570
    2064.45923        2.46005        2.36130       92.79170
    2064.61157        2.45806        2.37580       90.99790
    2064.76392        2.45016        2.36410       91.91930
    2064.91650        2.46403        2.35260       84.58260
    2065.06885        2.46802        2.34960       84.28740
    2065.22119        2.47002        2.34680       86.68150
    2065.37354        2.46802        2.35890       98.39050
    2065.52588        2.46602        2.36540      100.02200
    2065.67847        2.46602        2.36860      103.38610
    2065.83081        2.48006        2.36920      102.76750
    2065.98315        2.48006        2.36150      105.37490
    2066.13550        2.48613        2.36950       89.46440
    2066.28809        2.55919        2.37280       87.52340
    2066.44043        2.52109        2.36390       89.88120
    2066.59277        2.53156        2.34510       99.76600
    2066.74512        2.48411        2.33650       93.86950
    2066.89771        2.45213        2.34610       89.80490
    2067.05005        2.49427        2.34390       92.63280
    2067.20239        2.53577        2.32430       86.58850
    2067.35474        2.55705        2.32160       84.15990
    2067.50708        2.54849        2.32760       89.94470
    2067.65967        2.62306        2.33580       81.90110
    2067.81201        2.71416        2.33200       83.54620
    2067.96436        2.69020        2.32570       91.73590
    2068.11670        2.67838        2.32840       92.26170
    2068.26929        2.59625        2.34970       90.82620
    2068.42163        2.51071        2.36870       90.66130
    2068.57397        2.50452        2.38160       92.36210
    2068.72632        2.52109        2.37720       85.41460
    2068.87891        2.52527        2.36520       93.52900
    2069.03125        2.53156        2.35900       87.76880
    2069.18359        2.52946        2.35170       90.38240
    2069.33594        2.51901        2.35680       87.68130
    2069.48828        2.53577        2.36250       85.22560
    2069.64087        2.55705        2.35950       81.89430
    2069.79321        2.59847        2.35490       78.27350
    2069.94556        2.62985        2.34940       76.57900
    2070.09790        2.66201        2.33880       85.88620
    2070.25049        2.66201        2.33260       86.91880
    2070.40283        2.61631        2.34570       85.95180
    2070.55518        2.60068        2.36470       84.81200
    2070.70752        2.56566        2.38120       85.14450
    2070.86011        2.53577        2.36950       84.00830
    2071.01245        2.54000        2.35620       81.38150
    2071.16479        2.56782        2.27770       82.25400
    2071.31714        2.60513        2.23280       79.21280
    2071.46948        2.67838        2.20160       73.42730
    2071.62207        2.63668        2.26370       77.27690
    2071.77441        2.65043        2.31540       76.34500
    2071.92676        2.69020        2.35300       81.17430
    2072.07910        2.69258        2.36470       83.54080
    2072.23169        2.79121        2.36690       83.68900
    2072.38403        2.80663        2.34780       83.04800
    2072.53638        2.80147        2.33340       89.16470
    2072.68872        2.82222        2.36750       86.58310
    2072.84131        2.80922        2.42870       86.86870
    2072.99365        2.72630        2.48230       93.99610
    2073.14600        2.66201        2.45660      100.75140
    2073.29834        2.60513        2.40850       99.07270
    2073.45068        2.57868        2.38000       93.26180
    2073.60327        2.58086        2.37690       95.24370
    2073.75562        2.56566        2.36660       90.74230
    2073.90796        2.60513        2.35010       82.62500
    2074.06030        2.56566        2.29190       88.23240
    2074.21289        2.59625        2.24920       87.63440
    2074.36523        2.73118        2.26020       89.68240
    2074.51758        2.72874        2.32570       93.18150
    2074.66992        2.70453        2.37410       96.91150
    2074.82251        2.61856        2.37620       95.68750
    2074.97485        2.53156        2.37460       86.14350
    2075.12720        2.51071        2.37880       84.28780
    2075.27954        2.52109        2.37110       87.41990
    2075.43188        2.49020        2.36240       86.31020
    2075.58447        2.50246        2.35230       87.46410
    2075.73682        2.53367        2.34830       87.61690
    2075.88916        2.58963        2.35180       84.36510
    2076.04150        2.61856        2.35870       81.12500
    2076.19409        2.62759        2.35810       74.69570
    2076.34644        2.67838        2.34990       84.47320
    2076.49878        2.72386        2.35320       81.13490
    2076.65112        2.76839        2.35010       81.83980
    2076.80371        2.77849        2.35180       75.67340
    2076.95605        2.77849        2.35850       78.84830
    2077.10840        2.72386        2.37410       75.45560
    2077.26074        2.70453        2.39580       75.57690
    2077.41309        2.76087        2.38560       78.59190
    2077.56567        2.77849        2.37330       77.93540
    2077.71802        2.81181        2.36070       78.77910
    2077.87036        2.84860        2.35330       72.78610
    2078.02271        2.76087        2.35200       76.48930
    2078.17529        2.71658        2.35490       74.79010
    2078.32764        2.69973        2.34940       75.69880
    2078.47998        2.67838        2.33170       79.03200
    2078.63232        2.78102        2.31720       76.90350
    2078.78491        2.79633        2.32140       74.05730
    2078.93726        2.76588        2.40380       72.48980
    2079.08960        2.75588        2.49470       74.71850
    2079.24194        2.74347        2.53080       74.37890
    2079.39429        2.77343        2.44840       75.57690
    2079.54688        2.70693        2.35980       72.45300
    2079.69922        2.68783        2.32090       73.62260
    2079.85156        2.62081        2.31640       73.50950
    2080.00391        2.65737        2.30310       75.80710
    2080.15649        2.68546        2.30290       73.99840
    2080.30884        2.69735        2.30390       74.85060
    2080.46118        2.76839        2.32570       65.92040
    2080.61353        2.72874        2.34520       66.23650
    2080.76611        2.85393        2.35240       62.79650
    2080.91846        3.07258        2.34620       61.52000
    2081.07080        3.13903        2.32620       58.78760
    2081.22314        3.15202        2.31030       60.35470
    2081.37549        3.10071        2.29770       66.55380
    2081.52808        2.82222        2.29880       66.94870
    2081.68042        2.85393        2.30060       68.68810
    2081.83276        2.93642        2.30200       69.47020
    2081.98511        2.91117        2.30520       69.36470
    2082.13770        2.87819        2.29450       67.99550
    2082.29004        2.80405        2.27930       61.19840
    2082.44238        2.81440        2.27720       58.94840
    2082.59473        2.81181        2.28620       67.32380
    2082.74731        2.83271        2.28590       65.62970
    2082.89966        2.75837        2.27650       68.99830
    2083.05200        2.81961        2.26710       67.21010
    2083.20435        2.85393        2.25750       70.41380
    2083.35669        2.82484        2.24750       73.36590
    2083.50928        2.83535        2.24460       72.73600
    2083.66162        2.75588        2.23510       73.66350
    2083.81396        2.76337        2.21580       70.24230
    2083.96631        2.77343        2.19060       74.95000
    2084.11890        2.78102        2.15300       75.02120
    2084.27124        2.77343        2.11190       75.37990
    2084.42358        2.76337        2.11050       74.21050
    2084.57593        2.73609        2.14920       80.15990
    2084.72852        2.74595        2.20070       80.97110
    2084.88086        2.78102        2.22650       82.55590
    2085.03320        2.81701        2.24110       83.82670
    2085.18555        2.89184        2.26700       83.79410
    2085.33789        2.90562        2.27770       83.56520
    2085.49048        2.83799        2.28050       79.22230
    2085.64282        2.86197        2.25570       89.89360
    2085.79517        2.77849        2.23940       97.37480
    2085.94751        2.75837        2.21420       96.00100
    2086.10010        2.77596        2.12700       95.07090
    2086.25244        2.78102        2.04800       84.39290
    2086.40479        2.76087        2.05180       81.02300
    2086.55713        2.73363        2.15530       87.00560
    2086.70972        2.70693        2.22730       90.35680
    2086.86206        2.75090        2.19460       84.43970
    2087.01440        3.21519        2.17570       80.57910
    2087.16675        3.39421        2.18830       67.52930
    2087.31909        3.58167        2.21120       74.37310
    2087.47168        3.45578        2.17390       77.23390
    2087.62402        3.00296        2.15530       75.64410
    2087.77637        2.74595        2.14360       72.72460
    2087.92871        2.67603        2.17980       75.08500
    2088.08130        2.66900        2.17300       81.28260
    2088.23364        2.67368        2.15020       82.23610
    2088.38599        2.67603        2.15860       83.67350
    2088.53833        2.67838        2.19430       81.58120
    2088.69092        2.77596        2.24340       77.61850
    2088.84326        2.79890        2.25990       77.12820
    2088.99561        2.88091        2.25390       78.23700
    2089.14795        2.83271        2.19090       84.76310
    2089.30029        2.71900        2.06390       95.62150
    2089.45288        2.67368        1.96860       99.51040
    2089.60522        2.59847        1.98370      116.61710
    2089.75757        2.58524        2.08040      118.01970
    2089.90991        2.56566        2.16510      118.03170
    2090.06250        2.52662        2.18120      118.73610
    2090.21484        2.45364        2.20120      117.19930
    2090.36719        2.48565        2.24130      128.56230
    2090.51953        2.44969        2.19220      131.18700
    2090.67212        2.43016        2.11380      135.23010
    2090.82446        2.36419        1.98930      127.99860
    2090.97681        2.35506        1.91440      119.26920
    2091.12915        2.36236        1.85870      116.95640
    2091.28149        2.37524        1.86650      124.07370
    2091.43408        2.39202        1.92380      124.82410
    2091.58643        2.34599        2.02690      123.45940
    2091.73877        2.35324        2.09890      122.27710
    2091.89111        2.28788        2.11040      130.35280
    2092.04370        2.30518        2.11220      133.77650
    2092.19604        2.26241        2.11810      134.29210
    2092.34839        2.20035        2.11800      137.60690
    2092.50073        2.26073        2.10910      136.84641
    2092.65332        2.26073        2.10870      138.35629
    2092.80566        2.26577        2.11370      140.77460
    2092.95801        2.36970        2.12480      134.80099
    2093.11035        2.32985        2.14660      130.58279
    2093.26270        2.35324        2.16270      128.31160
    2093.41528        2.39578        2.15910      127.07700
    2093.56763        2.35506        2.12680      123.98930
    2093.71997        2.36786        2.03670      124.03250
    2093.87231        2.36236        1.91060      138.80060
    2094.02490        2.34961        1.83230      136.10980
    2094.17725        2.22768        1.85030      135.94521
    2094.32959        2.23258        1.96280      144.48199
    2094.48193        2.20672        2.08750      127.41110
    2094.63452        2.22931        2.12380      128.31419
    2094.78687        2.35688        2.13790      117.14610
    2094.93921        2.37710        2.16570      121.55240
    2095.09155        2.36602        2.21000      114.41550
    2095.24390        2.40334        2.22860       99.73880
    2095.39648        2.43599        2.24090       97.71790
    2095.54883        2.49379        2.23420       97.61290
    2095.70117        2.56514        2.24690       93.65550
    2095.85352        2.53317        2.25560       96.23610
    2096.00610        2.56299        2.22760      102.39440
    2096.15845        2.43794        2.19980      106.15900
    2096.31079        2.36970        2.19060      105.44300
    2096.46313        2.35688        2.23390       99.81840
    2096.61548        2.38640        2.26580       95.71170
    2096.76807        2.41285        2.26360       94.23960
    2096.92041        2.54162        2.24560       93.05510
    2097.07275        2.61578        2.22340       91.91020
    2097.22510        2.69440        2.21290      104.27430
    2097.37769        2.45561        2.20560      107.23580
    2097.53003        2.37524        2.21290      106.47830
    2097.68237        2.31043        2.20310      104.84120
    2097.83472        2.30170        2.19850      101.58470
    2097.98730        2.43404        2.19560       94.39160
    2098.13965        2.65219        2.21360       86.90190
    2098.29199        2.80602        2.21000       87.81580
    2098.44434        2.93292        2.18690       91.21070
    2098.59668        2.88026        2.17200       98.66690
    2098.74927        2.67783        2.16400      102.43240
    2098.90161        2.65450        2.19380      102.11150
    2099.05396        2.47355        2.22500      106.05260
    2099.20630        2.37524        2.21450      106.99420
    2099.35889        2.34059        2.14940      109.17900
    2099.51123        2.41667        2.06500      108.12970
    2099.66357        2.50198        1.98520       91.77930
    2099.81592        2.55654        1.98970       88.17500
    2099.96851        2.54162        2.04720       78.59720
    2100.12085        2.54586        2.09880       74.61800
    2100.27319        2.54374        2.09520       75.95890
    2100.42554        2.51644        2.08160       74.26450
    2100.57788        2.54586        2.12620       72.43300
    2100.73047        2.54374        2.17220       72.21820
    2100.88281        2.55654        2.15210       72.77480
    2101.03516        2.55012        2.09740       71.65390
    2101.18750        2.54799        2.04690       70.40230
    2101.34009        2.56514        2.05610       67.92810
    2101.49243        2.58692        2.06620       81.19980
    2101.64478        2.53106        2.11740       85.46610
    2101.79712        2.42051        2.18290       99.91130
    2101.94971        2.41094        2.23760      103.74310
    2102.10205        2.29132        2.27190      111.64570
    2102.25439        2.36419        2.27430      100.02590
    2102.40674        2.38267        2.24850       98.17240
    2102.55908        2.38267        2.21040       97.16340
    2102.71167        2.45561        2.22080       97.38400
    2102.86401        2.49583        2.24230       97.17720
    2103.01636        2.56731        2.27290       94.90680
    2103.16870        2.57164        2.26650       72.08780
    2103.32129        2.62027        2.26380       71.77150
    2103.47363        2.72328        2.26210       68.28380
    2103.62598        2.74042        2.26690       67.97110
    2103.77832        2.77789        2.26990       70.87250
    2103.93091        2.84797        2.27570       70.44400
    2104.08325        2.80602        2.29200       69.86600
    2104.23560        2.83209        2.28850       70.99350
    2104.38794        2.84531        2.29160       71.64500
    2104.54028        2.84797        2.28750       68.81990
    2104.69287        2.87212        2.29610       66.99810
    2104.84521        2.85330        2.27770       68.57970
    2104.99756        2.78550        2.26930       68.33290
    2105.14990        2.76529        2.26440       65.40980
    2105.30249        2.74042        2.26250       64.18280
    2105.45483        2.73060        2.26960       65.07510
    2105.60718        2.75529        2.27860       64.44110
    2105.75952        2.75529        2.29000       65.54670
    2105.91211        2.73305        2.29080       59.10250
    2106.06445        2.65219        2.28480       67.26960
    2106.21680        2.58692        2.27930       93.11590
    2106.36914        2.40523        2.28130      116.58040
    2106.52148        2.36602        2.28910      122.94840
    2106.67407        2.23750        2.28660      127.39310
    2106.82642        2.24243        2.27880      119.28260
    2106.97876        2.27933        2.26580      116.42740
    2107.13110        2.31043        2.27820      119.71910
    2107.28369        2.36970        2.29100      111.44960
    2107.43604        2.42436        2.29150      109.23710
    2107.58838        2.45958        2.28140      105.78060
    2107.74072        2.42244        2.27030      106.19200
    2107.89331        2.43989        2.26930      111.91390
    2108.04565        2.38453        2.26930      114.95710
    2108.19800        2.33342        2.26950      126.13440
    2108.35034        2.24409        2.26170      129.42090
    2108.50269        2.26241        2.26130      126.84930
    2108.65527        2.32452        2.26460      108.79530
    2108.80762        2.35688        2.26870       96.07210
    2108.95996        2.50815        2.26980       96.34190
    2109.11230        2.53317        2.26910       97.14830
    2109.26489        2.56299        2.27610       95.59220
    2109.41724        2.63614        2.28640       93.36430
    2109.56958        2.58035        2.29510       94.87090
    2109.72192        2.57164        2.28070       84.93080
    2109.87451        2.63614        2.26120       83.69890
    2110.02686        2.74536        2.23560       80.63920
    2110.17920        2.74536        2.24060       79.17290
    2110.33154        2.66611        2.24210       92.37390
    2110.48389        2.58035        2.25160      120.38420
    2110.63647        2.44576        2.25330      124.62430
    2110.78882        2.32630        2.25540      124.42490
    2110.94116        2.34780        2.25150      122.82040
    2111.09351        2.30868        2.24270      122.20950
    2111.24609        2.27422        2.24260      122.45900
    2111.39844        2.26915        2.24450      123.30360
    2111.55078        2.24905        2.24580      125.14650
    2111.70312        2.26577        2.22950      124.23140
    2111.85571        2.28960        2.17580      123.16070
    2112.00806        2.32452        2.15830      108.99170
    2112.16040        2.32985        2.17170      109.67750
    2112.31274        2.32985        2.23630      110.76770
    2112.46509        2.31922        2.26410      109.27720
    2112.61768        2.30693        2.25120      119.89090
    2112.77002        2.32098        2.23540      120.89010
    2112.92236        2.32807        2.23030      118.91500
    2113.07471        2.33164        2.23000      116.29710
    2113.22729        2.32807        2.24340      112.18020
    2113.37964        2.34599        2.24250      113.84130
    2113.53198        2.32630        2.24610      110.94720
    2113.68433        2.34059        2.24770      116.86980
    2113.83691        2.35506        2.24260      122.20800
    2113.98926        2.34419        2.24910      124.74730
    2114.14160        2.34239        2.25590      126.10820
    2114.29395        2.34780        2.27390      123.76290
    2114.44629        2.35506        2.28540      120.49740
    2114.59888        2.35142        2.27880      114.68550
    2114.75122        2.35870        2.24000      121.10290
    2114.90356        2.36419        2.19010      123.72820
    2115.05591        2.34599        2.15690      108.79120
    2115.20850        2.35324        2.16440      106.10480
    2115.36084        2.36419        2.20850      107.79220
    2115.51318        2.35870        2.24850      106.03150
    2115.66553        2.36419        2.27960      106.42470
    2115.81812        2.32452        2.27880      104.69680
    2115.97046        2.29997        2.27910      107.86650
    2116.12280        2.30693        2.27120      111.85150
    2116.27515        2.29997        2.27830      112.49630
    2116.42749        2.29997        2.28320      115.26400
    2116.58008        2.28445        2.28090      113.90160
    2116.73242        2.28788        2.27410      111.89450
    2116.88477        2.28445        2.27980      104.65790
    2117.03711        2.30344        2.28180      101.73390
    2117.18970        2.31745        2.28350       99.26630
    2117.34204        2.30170        2.27460      101.73360
    2117.49438        2.34419        2.27920      104.56910
    2117.64673        2.36970        2.28170      100.81590
    2117.79932        2.36053        2.28100      114.36040
    2117.95166        2.32630        2.28740      118.70630
    2118.10400        2.30518        2.29640      117.88940
    2118.25635        2.25071        2.29420      107.08880
    2118.40869        2.35506        2.28260      100.50520
    2118.56128        2.39955        2.27270       90.41690
    2118.71362        2.46555        2.27310       86.80670
    2118.86597        2.50403        2.27480       86.01580
    2119.01831        2.46156        2.27530      104.31070
    2119.17090        2.36602        2.27230      104.27950
    2119.32324        2.28960        2.28390      102.18860
    2119.47559        2.27422        2.28940      102.28920
    2119.62793        2.24574        2.29590      101.71160
    2119.78052        2.28445        2.29010      100.86990
    2119.93286        2.29997        2.29690       98.05880
    2120.08521        2.36236        2.29970       91.98920
    2120.23755        2.43599        2.29640       94.45620
    2120.38989        2.43404        2.29320      103.12730
    2120.54248        2.40523        2.29540      103.67570
    2120.69482        2.33342        2.29600      107.18650
    2120.84717        2.28274        2.30180      109.96740
    2120.99951        2.30344        2.29560      100.41350
    2121.15210        2.29997        2.28840       99.75230
    2121.30444        2.30344        2.26450       96.92070
    2121.45679        2.27253        2.26960      111.98940
    2121.60913        2.27933        2.27730      108.73720
    2121.76172        2.26241        2.29680      106.48060
    2121.91406        2.27933        2.30310      109.17970
    2122.06641        2.30518        2.30850       95.11770
    2122.21875        2.34599        2.31270       88.63870
    2122.37109        2.44380        2.31650       84.87740
    2122.52368        2.58692        2.31670       82.72370
    2122.67603        2.69440        2.35800       72.61240
    2122.82837        2.70636        2.43580       72.95150
    2122.98071        2.64989        2.56950       67.28210
    2123.13330        2.56947        2.61420       67.30170
    2123.28564        2.52896        2.53110       79.82700
    2123.43799        2.54374        2.40200       83.61830
    2123.59033        2.53950        2.31580       95.72800
    2123.74292        2.52687        2.28200      118.15410
    2123.89526        2.44380        2.27340      120.35070
    2124.04761        2.37524        2.28050      122.89320
    2124.19995        2.32985        2.28370      119.91560
    2124.35229        2.32807        2.27590      122.62720
    2124.50488        2.33700        2.25430      121.54910
    2124.65723        2.33521        2.23340      123.33690
    2124.80957        2.33342        2.26210      117.23850
    2124.96191        2.32098        2.31490      117.67470
    2125.11450        2.33164        2.34450      115.54380
    2125.26685        2.32985        2.31510      114.30630
    2125.41919        2.32452        2.30710      113.91400
    2125.57153        2.32098        2.32470      116.21620
    2125.72412        2.31569        2.32660      112.29140
    2125.87646        2.31569        2.31790      109.25650
    2126.02881        2.32098        2.30070      107.88590
    2126.18115        2.32630        2.28260      107.91100
    2126.33350        2.32098        2.25800      110.07800
    2126.48608        2.32807        2.24410      112.85200
    2126.63843        2.32985        2.24570      116.74780
    2126.79077        2.32807        2.24960      115.78470
    2126.94312        2.33879        2.24150      114.98630
    2127.09570        2.35506        2.22720      118.93850
    2127.24805        2.36419        2.21500      119.17270
    2127.40039        2.37895        2.21020      115.37300
    2127.55273        2.37710        2.22040      115.04100
    2127.70508        2.37895        2.21980      120.67520
    2127.85767        2.38640        2.20660      127.20880
    2128.01001        2.39766        2.19820      120.22440
    2128.16235        2.40144        2.19370      119.53230
    2128.31470        2.39766        2.20590      118.91480
    2128.46729        2.40334        2.21050      120.29350
    2128.61963        2.39955        2.22530      121.21140
    2128.77197        2.39390        2.22710      125.04000
    2128.92432        2.39202        2.24420      127.26220
    2129.07690        2.38267        2.28530      121.91090
    2129.22925        2.36602        2.35560      124.37110
    2129.38159        2.35688        2.33730      122.35670
    2129.53394        2.33164        2.27380      124.61930
    2129.68628        2.41859        2.22780      126.57390
    2129.83887        2.39766        2.24710      122.91080
    2129.99121        2.39390        2.27250      133.55510
    2130.14355        2.37895        2.28230      130.58730
    2130.29590        2.40523        2.27700      130.24100
    2130.44849        2.41285        2.25840      128.88560
    2130.60083        2.41667        2.25940      113.11540
    2130.75317        2.43599        2.26700      104.60290
    2130.90552        2.54799        2.28080       89.82160
    2131.05811        2.84001        2.30890       78.11830
    2131.21045        3.32302        2.37560       79.81210
    2131.36279        3.35595        2.47280       91.60280
    2131.51514        3.41231        2.50880      101.43390
    2131.66748        2.95567        2.41270      103.18180
    2131.82007        2.65914        2.32730       99.26630
    2131.97241        2.73550        2.28840      102.19100
    2132.12476        2.85865        2.29840      100.56080
    2132.27710        2.89669        2.29240       97.90210
    2132.42969        2.90774        2.27620      101.11900
    2132.58203        2.31393        2.27010      100.43330
    2132.73438        2.64071        2.26740      101.91370
    2132.88672        2.53317        2.27260      101.64700
    2133.03931        2.65450        2.26660       90.52470
    2133.19165        2.72816        2.26950       92.78940
    2133.34399        2.75778        2.26390       98.96330
    2133.49634        2.91609        2.25920      102.55100
    2133.64868        2.78805        2.24970      109.77240
    2133.80127        2.81899        2.26030      113.14120
    2133.95361        2.39014        2.26620      115.25430
    2134.10596        2.32807        2.26790      117.00180
    2134.25830        2.10608        2.26210      114.20010
    2134.41089        2.08590        2.28920      111.55320
    2134.56323        2.06891        2.34780      114.04990
    2134.71558        2.36786        2.38670      120.24050
    2134.86792        2.36419        2.34560      123.18350
    2135.02051        2.29477        2.27820      120.57740
    2135.17285        2.23914        2.23440      108.14190
    2135.32520        2.26073        2.23500      105.41870
    2135.47754        2.27762        2.23750      106.60760
    2135.62988        2.29823        2.25450      106.97570
    2135.78247        2.23750        2.28140      104.37790
    2135.93481        2.25905        2.30130      102.86560
    2136.08716        2.23422        2.29860      106.12510
    2136.23950        2.22443        2.28970      108.87100
    2136.39209        2.22606        2.26970      112.00740
    2136.54443        2.20832        2.24950      106.45310
    2136.69678        2.20512        2.24790      107.42700
    2136.84912        2.19086        2.24600      109.27250
    2137.00171        2.23095        2.26340       95.56250
    2137.15405        2.32275        2.27090       93.30150
    2137.30640        2.48161        2.28220       93.07550
    2137.45874        2.51229        2.28130       97.08010
    2137.61108        2.47757        2.29190      103.66740
    2137.76367        2.31922        2.28810      110.37650
    2137.91602        2.23750        2.30250      111.77240
    2138.06836        2.22443        2.31850      118.77600
    2138.22070        2.22768        2.32020      108.05210
    2138.37329        2.23914        2.28970      107.59040
    2138.52563        2.24739        2.25430      110.11720
    2138.67798        2.18145        2.24450      106.40430
    2138.83032        2.16595        2.25500      109.32240
    2138.98291        2.49583        2.25970      101.24020
    2139.13525        2.50609        2.24600       98.52940
    2139.28760        2.54586        2.24780       96.85650
    2139.43994        2.67547        2.26000       82.27800
    2139.59229        2.52896        2.28370       82.21740
    2139.74487        2.51022        2.30260       99.45040
    2139.89722        2.50198        2.29050      101.09070
    2140.04956        2.33700        2.26070       97.61830
    2140.20190        2.32098        2.23300       99.91320
    2140.35449        2.28788        2.23750      107.98580
    2140.50684        2.24739        2.21590      110.21200
    2140.65918        2.18145        2.17730      100.98130
    2140.81152        2.11485        2.15730      101.03350
    2140.96411        2.39202        2.18510      104.55530
    2141.11646        2.38640        2.23330      102.72670
    2141.26880        2.32098        2.24950      100.00710
    2141.42114        2.32098        2.25070      101.37250
    2141.57349        2.31922        2.23410      106.67180
    2141.72607        2.30868        2.23720      108.40310
    2141.87842        2.32985        2.23740      109.52100
    2142.03076        2.31569        2.24040      102.89990
    2142.18311        2.31569        2.24440      104.20180
    2142.33569        2.31922        2.23590       94.07910
    2142.48804        2.37710        2.23000       89.62790
    2142.64038        2.64529        2.23570       77.26130
    2142.79272        2.75778        2.25070       74.99670
    2142.94531        2.76529        2.25980       87.82840
    2143.09766        2.70876        2.31320       91.81340
    2143.25000        2.38640        2.36050       94.19660
    2143.40234        2.40713        2.40260       91.69360
    2143.55469        2.41667        2.34990       92.37050
    2143.70728        2.44184        2.30580       93.00340
    2143.85962        2.44576        2.28480       94.56640
    2144.01196        2.36786        2.27140       92.32730
    2144.16431        2.37155        2.23650       90.09900
    2144.31689        2.37155        2.22930       96.77870
    2144.46924        2.37155        2.23740      100.71870
    2144.62158        2.34599        2.25640       99.71120
    2144.77393        2.36419        2.24860      102.65150
    2144.92651        2.36602        2.22950      102.59790
    2145.07886        2.36786        2.22110      100.94410
    2145.23120        2.36786        2.21350       96.97360
    2145.38354        2.37339        2.20550       95.53100
    2145.53589        2.36786        2.19800       95.91590
    2145.68848        2.37710        2.20040       99.73510
    2145.84082        2.37710        2.21600       96.76510
    2145.99316        2.36786        2.23710       98.92250
    2146.14551        2.36053        2.26530       93.82800
    2146.29810        2.34780        2.25660       97.65670
    2146.45044        2.32452        2.21730       95.83900
    2146.60278        2.32098        2.19990      100.98230
    2146.75513        2.33342        2.21700      104.61350
    2146.90771        2.32275        2.23110      104.31940
    2147.06006        2.33879        2.22000      105.55910
    2147.21240        2.34239        2.22050      104.76520
    2147.36475        2.32275        2.21880      103.58440
    2147.51709        2.34419        2.22780      100.23390
    2147.66968        2.36970        2.24250       97.85260
    2147.82202        2.41285        2.26120      101.07400
    2147.97437        2.40144        2.26260       94.83700
    2148.12671        2.34419        2.22370       97.18970
    2148.27930        2.27762        2.19780       99.99450
    2148.43164        2.24409        2.19920       87.55800
    2148.58398        2.28616        2.21160       80.70700
    2148.73633        2.33700        2.23030       71.47680
    2148.88892        2.47355        2.22800       81.42580
    2149.04126        2.48161        2.24340       83.02310
    2149.19360        2.47757        2.26190       92.91150
    2149.34595        2.41285        2.27190       91.55980
    2149.49829        2.79572        2.25770       88.14100
    2149.65088        2.46754        2.23010       82.37310
    2149.80322        2.44380        2.20840       79.21370
    2149.95557        2.53317        2.20120       77.33880
    2150.10791        2.64071        2.21560       80.52070
    2150.26050        2.76529        2.21810       76.70320
    2150.41284        2.77789        2.19790       76.25570
    2150.56519        2.85330        2.18280       78.56400
    2150.71753        2.81899        2.18710       94.42000
    2150.87012        3.40089        2.18750       93.68090
    2151.02246        3.35595        2.16730       93.80930
    2151.17480        3.15451        2.13680       82.98420
    2151.32715        3.55561        2.14490       80.27000
    2151.47949        3.73421        2.17120       77.07130
    2151.63208        3.25559        2.20490       74.49570
    2151.78442        3.25559        2.20930       76.49510
    2151.93677        3.01711        2.21320       66.36210
    2152.08911        2.94995        2.22460       63.57000
    2152.24170        2.92729        2.25340       76.72360
    2152.39404        2.97587        2.26740       78.43980
    2152.54639        3.02610        2.23590       77.17890
    2152.69873        3.02010        2.19620       83.67160
    2152.85132        2.92729        2.17830       76.57140
    2153.00366        2.90497        2.19800       75.98740
    2153.15601        2.84265        2.21040       74.60360
    2153.30835        2.74783        2.21250       77.18050
    2153.46069        2.80602        2.20980       77.32660
    2153.61328        2.82684        2.22640       77.86480
    2153.76562        2.85330        2.24970       76.46980
    2153.91797        2.93858        2.25720       76.83150
    2154.07031        2.91609        2.24640       77.74410
    2154.22290        2.83472        2.22220       80.16710
    2154.37524        2.82684        2.20560       76.43010
    2154.52759        2.80086        2.18880       77.30930
    2154.67993        2.82160        2.18000       86.25230
    2154.83252        2.87483        2.18480       86.23550
    2154.98486        3.02610        2.20340       89.15530
    2155.13721        3.02911        2.21860       93.18930
    2155.28955        3.20425        2.20750       86.46670
    2155.44189        3.04728        2.18980       85.48640
    2155.59448        2.80860        2.18540       77.73510
    2155.74683        2.72816        2.19090       86.70950
    2155.89917        2.58253        2.19370       95.98530
    2156.05151        2.53527        2.18670       78.89410
    2156.20410        2.56514        2.18250       76.02890
    2156.35645        2.57598        2.19930       79.05640
    2156.50879        2.57598        2.23270       92.86150
    2156.66113        2.63159        2.25350       98.72220
    2156.81372        2.67313        2.25900       96.13400
    2156.96606        2.60906        2.22680      110.06020
    2157.11841        2.59131        2.18840      110.32890
    2157.27075        2.55868        2.17010      109.34320
    2157.42310        2.52060        2.18130       92.63020
    2157.57568        2.48768        2.20470       91.93020
    2157.72803        2.47556        2.21310       94.61610
    2157.88037        2.50403        2.20440      100.51400
    2158.03271        2.55868        2.19440      104.66640
    2158.18530        2.68964        2.19070       99.13120
    2158.33765        2.67313        2.20690       97.75360
    2158.48999        2.58911        2.22530       83.52440
    2158.64233        2.56731        2.24280       84.06540
    2158.79492        2.49788        2.25630       87.28440
    2158.94727        2.46754        2.27540       87.00210
    2159.09961        2.46156        2.27800       85.87860
    2159.25195        2.49379        2.25180       85.42170
    2159.40430        2.44969        2.21590       87.79030
    2159.55688        2.38453        2.18610      102.73100
    2159.70923        2.35142        2.17020      104.52390
    2159.86157        2.37710        2.17260       93.79700
    2160.01392        2.51022        2.17710       89.90610
    2160.16650        2.70396        2.17930       96.48810
    2160.31885        2.80860        2.18170       92.94430
    2160.47119        2.82946        2.19180       90.96640
    2160.62354        2.68964        2.21010       83.85170
    2160.77588        2.68727        2.22640       79.77890
    2160.92847        2.65914        2.22950       81.35570
    2161.08081        2.67079        2.22950       78.47880
    2161.23315        2.66611        2.20990       87.24040
    2161.38550        2.72085        2.19550       88.48340
    2161.53809        2.69678        2.18500      101.10150
    2161.69043        2.69678        2.17650      103.63260
    2161.84277        2.68018        2.16060      107.76190
    2161.99512        2.47154        2.15290      107.37090
    2162.14771        2.49583        2.14530       95.37690
    2162.30005        2.54162        2.13240       84.96260
    2162.45239        2.59794        2.12870       87.06900
    2162.60474        2.59573        2.14470       85.33900
    2162.75708        2.63386        2.17000       78.54640
    2162.90967        2.64529        2.19570       75.52280
    2163.06201        2.67783        2.20340       68.52420
    2163.21436        2.74783        2.20570       66.61460
    2163.36670        2.86672        2.21250       67.55980
    2163.51929        2.86672        2.23050       68.96320
    2163.67163        2.83472        2.23910       67.29440
    2163.82397        2.88026        2.22560       68.96520
    2163.97632        2.78805        2.19990       69.27110
    2164.12891        2.67313        2.17530       76.13510
    2164.28125        2.61802        2.16320       80.34480
    2164.43359        2.60016        2.17340       98.07400
    2164.58594        2.60683        2.20140      102.55020
    2164.73828        2.61353        2.21390       94.36100
    2164.89087        2.56514        2.20040       94.75030
    2165.04321        2.58035        2.16540       91.43390
    2165.19556        2.55226        2.12370       93.89340
    2165.34790        2.55012        2.10420       96.70660
    2165.50049        2.46555        2.10020       97.08210
    2165.65283        2.45364        2.10670       97.78580
    2165.80518        2.49583        2.10690       92.46630
    2165.95752        2.53738        2.10490       86.58930
    2166.11011        2.61578        2.10730       84.23870
    2166.26245        2.62932        2.11680       83.67750
    2166.41479        2.62479        2.12270       92.01720
    2166.56714        2.62479        2.12300       95.89990
    2166.71948        2.58692        2.12260      102.69280
    2166.87207        2.56299        2.12600      101.94650
    2167.02441        2.58472        2.12800       99.82800
    2167.17676        2.60683        2.12540       99.84470
    2167.32910        2.66611        2.12290       90.09320
    2167.48169        2.64300        2.12490       82.36420
    2167.63403        2.61129        2.13030       78.63280
    2167.78638        2.56731        2.11900       78.69730
    2167.93872        2.66845        2.12010       82.63740
    2168.09131        2.73305        2.11570       80.05290
    2168.24365        2.81119        2.12620       80.28430
    2168.39600        2.86672        2.12760       79.31220
    2168.54834        2.67783        2.13180       92.61220
    2168.70068        2.58472        2.13130      100.46220
    2168.85327        2.51022        2.12970      101.55400
    2169.00562        2.44184        2.13580      100.89070
    2169.15796        2.38640        2.15490      104.81120
    2169.31030        2.34419        2.19080      105.52770
    2169.46289        2.26241        2.22760       98.92110
    2169.61523        2.24905        2.24240       90.89500
    2169.76758        2.27762        2.23500       81.21280
    2169.91992        2.26577        2.22120       77.88780
    2170.07251        2.39955        2.24060       68.08660
    2170.22485        2.48161        2.23400       69.14000
    2170.37720        2.52060        2.20370       72.23710
    2170.52954        2.51022        2.16320       82.55360
    2170.68188        2.44773        2.13720       81.92700
    2170.83447        2.40713        2.12900       84.41980
    2170.98682        2.36786        2.12460       92.03880
    2171.13916        2.36236        2.12260       93.89380
    2171.29150        2.35506        2.12060       92.86550
    2171.44409        2.36786        2.11780       89.11750
    2171.59644        2.33700        2.11790       86.66930
    2171.74878        2.40334        2.11050       85.84440
    2171.90112        2.41859        2.09670       86.61820
    2172.05371        2.43989        2.09000       87.87470
    2172.20605        2.42436        2.10490       90.84810
    2172.35840        2.44773        2.13230       92.53430
    2172.51074        2.50198        2.13070       93.23820
    2172.66309        2.65682        2.11440       93.95030
    2172.81567        2.58472        2.09790       87.93960
    2172.96802        2.49175        2.10370       85.22730
    2173.12036        2.55012        2.11480       79.18060
    2173.27271        2.49175        2.12860       78.74310
    2173.42529        2.53106        2.12710       76.01690
    2173.57764        2.49788        2.12770       77.84670
    2173.72998        2.46555        2.12510       71.96550
    2173.88232        2.43210        2.12920       76.64400
    2174.03491        2.47154        2.13840       73.27640
    2174.18726        2.49788        2.14960       71.55910
    2174.33960        2.52687        2.15160       71.39530
    2174.49194        2.55440        2.15610       76.56930
    2174.64429        2.58472        2.15480       73.95410
    2174.79688        2.61802        2.15420       74.96660
    2174.94922        2.61578        2.15290       73.41970
    2175.10156        2.62705        2.14700       74.27780
    2175.25391        2.63386        2.14460       72.78530
    2175.40649        2.63842        2.15150       74.56190
    2175.55884        2.64529        2.16650       72.72640
    2175.71118        2.67783        2.17840       78.52920
    2175.86353        2.63614        2.16650       73.57650
    2176.01611        2.64759        2.14240       74.45290
    2176.16846        2.63386        2.12420       72.10910
    2176.32080        2.63159        2.10840       70.38890
    2176.47314        2.62479        2.10130       70.11170
    2176.62549        2.61353        2.11790       70.34900
    2176.77808        2.62253        2.16180       68.63300
    2176.93042        2.62253        2.19190       77.49030
    2177.08276        2.61353        2.18130       74.68710
    2177.23511        2.59573        2.14820       89.84090
    2177.38770        2.59794        2.12060       92.33480
    2177.54004        2.58911        2.11510       96.05850
    2177.69238        2.58692        2.11220       96.18990
    2177.84473        2.58035        2.10230       89.77170
    2177.99731        2.62027        2.10310       88.07780
    2178.14966        2.63614        2.10370       88.87190
    2178.30200        2.66378        2.10810       88.25450
    2178.45435        2.71359        2.10710       81.16170
    2178.60669        2.70876        2.10990       78.40510
    2178.75928        2.74042        2.10320       77.45410
    2178.91162        2.73550        2.10510       73.82120
    2179.06396        2.72816        2.10210       74.61520
    2179.21631        2.71843        2.09610       72.09330
    2179.36890        2.71117        2.08310       72.45790
    2179.52124        2.70156        2.08860       71.06360
    2179.67358        2.69917        2.09850       70.46300
    2179.82593        2.69202        2.11170       73.57880
    2179.97852        2.68490        2.11770       70.57830
    2180.13086        2.66378        2.11930       70.55490
    2180.28320        2.64071        2.11280       70.55290
    2180.43555        2.63614        2.11250       69.12500
    2180.58789        2.63159        2.10140       68.44680
    2180.74048        2.62932        2.09880       68.33870
    2180.89282        2.61353        2.10160       70.32250
    2181.04517        2.62027        2.11440       69.21290
    2181.19751        2.62932        2.11630       66.42760
    2181.35010        2.63614        2.11890       71.44350
    2181.50244        2.65682        2.12280       70.74880
    2181.65479        2.68490        2.13080       68.51720
    2181.80713        2.68490        2.13630       68.21030
    2181.95972        2.68964        2.12940       71.99200
    2182.11206        2.70156        2.13830       71.24630
    2182.26440        2.74042        2.14190       70.47200
    2182.41675        2.74783        2.14450       72.97120
    2182.56909        2.75031        2.11120       75.88390
    2182.72168        2.75280        2.06780       68.01280
    2182.87402        2.77536        2.03960       70.04790
    2183.02637        2.78805        2.04530       73.45020
    2183.17871        2.80344        2.07890       74.83520
    2183.33130        2.73796        2.11360       72.02160
    2183.48364        2.75529        2.13390       74.96420
    2183.63599        2.80860        2.12340       78.45140
    2183.78833        2.84531        2.10490       75.45520
    2183.94092        2.86402        2.09320       76.51190
    2184.09326        2.84001        2.08860       74.47010
    2184.24561        2.81639        2.07870       77.40550
    2184.39795        2.76529        2.08040       79.46860
    2184.55029        2.73305        2.08640       85.49570
    2184.70288        2.63386        2.08470       92.59660
    2184.85522        2.54799        2.09730      100.59460
    2185.00757        2.48768        2.12400       99.54660
    2185.15991        2.44773        2.14270       97.01010
    2185.31250        2.49175        2.14450       79.53410
    2185.46484        2.53317        2.13720       67.46970
    2185.61719        2.60016        2.13920       68.18850
    2185.76953        2.60460        2.15320       71.36780
    2185.92212        2.61578        2.18880       67.85440
    2186.07446        2.59352        2.22070       71.49610
    2186.22681        2.58253        2.21820       69.93060
    2186.37915        2.56947        2.18850       66.63320
    2186.53149        2.57816        2.17680       74.32360
    2186.68408        2.56731        2.18560       77.20690
    2186.83643        2.56083        2.19710       61.94580
    2186.98877        2.55654        2.18230       75.14410
    2187.14111        2.55654        2.15650       71.37230
    2187.29370        2.55868        2.14270       69.18900
    2187.44604        2.56299        2.14990       69.10140
    2187.59839        2.56947        2.14960       68.38520
    2187.75073        2.57816        2.12750       68.17390
    2187.90332        2.59131        2.11380       68.72490
    2188.05566        2.60016        2.12020       68.58650
    2188.20801        2.60460        2.13750       73.34940
    2188.36035        2.62253        2.16020       74.20080
    2188.51270        2.62027        2.18590       72.15590
    2188.66528        2.60906        2.24110       71.67410
    2188.81763        2.60016        2.28550       71.35500
    2188.96997        2.59794        2.34530       71.70810
    2189.12231        2.53738        2.36580       69.75210
    2189.27490        2.55868        2.31250       70.12010
    2189.42725        2.58911        2.24630       69.11520
    2189.57959        2.59794        2.20160       74.54330
    2189.73193        2.64071        2.18380       76.02470
    2189.88452        2.66611        2.19150       76.58620
    2190.03687        2.64759        2.20920       73.79340
    2190.18921        2.66378        2.22270       72.01490
    2190.34155        2.63614        2.22440       74.95130
    2190.49390        2.64989        2.21490       76.97940
    2190.64648        2.68727        2.21190       79.83010
    2190.79883        2.75280        2.21050       79.45520
    2190.95117        2.73550        2.19970       85.75610
