%   'Depth'   	'Corrected density'
   2.0134000e+03   2.2400000e+00
   2.0135000e+03   2.2420000e+00
   2.0137000e+03   2.2430000e+00
   2.0138000e+03   2.2410000e+00
   2.0140000e+03   2.2380000e+00
   2.0141000e+03   2.2340000e+00
   2.0143000e+03   2.2340000e+00
   2.0144000e+03   2.2330000e+00
   2.0146000e+03   2.2310000e+00
   2.0147000e+03   2.2280000e+00
   2.0149000e+03   2.2290000e+00
   2.0150000e+03   2.2270000e+00
   2.0152000e+03   2.2170000e+00
   2.0153000e+03   2.2140000e+00
   2.0155000e+03   2.2140000e+00
   2.0156000e+03   2.2190000e+00
   2.0158000e+03   2.2200000e+00
   2.0159000e+03   2.2210000e+00
   2.0161000e+03   2.2340000e+00
   2.0163000e+03   2.2360000e+00
   2.0164000e+03   2.2420000e+00
   2.0166000e+03   2.2560000e+00
   2.0167000e+03   2.2580000e+00
   2.0169000e+03   2.2520000e+00
   2.0170000e+03   2.2550000e+00
   2.0172000e+03   2.2380000e+00
   2.0173000e+03   2.2410000e+00
   2.0175000e+03   2.2420000e+00
   2.0176000e+03   2.2820000e+00
   2.0178000e+03   2.2900000e+00
   2.0179000e+03   2.2950000e+00
   2.0181000e+03   2.2680000e+00
   2.0182000e+03   2.2940000e+00
   2.0184000e+03   2.2590000e+00
   2.0185000e+03   2.2510000e+00
   2.0187000e+03   2.2340000e+00
   2.0188000e+03   2.2330000e+00
   2.0190000e+03   2.2190000e+00
   2.0192000e+03   2.2200000e+00
   2.0193000e+03   2.2360000e+00
   2.0194000e+03   2.2530000e+00
   2.0196000e+03   2.2560000e+00
   2.0198000e+03   2.2650000e+00
   2.0199000e+03   2.2620000e+00
   2.0201000e+03   2.2700000e+00
   2.0202000e+03   2.2810000e+00
   2.0204000e+03   2.2760000e+00
   2.0205000e+03   2.2760000e+00
   2.0207000e+03   2.2770000e+00
   2.0208000e+03   2.2560000e+00
   2.0210000e+03   2.2440000e+00
   2.0211000e+03   2.2770000e+00
   2.0213000e+03   2.2780000e+00
   2.0214000e+03   2.2890000e+00
   2.0216000e+03   2.2860000e+00
   2.0217000e+03   2.2830000e+00
   2.0219000e+03   2.2950000e+00
   2.0220000e+03   2.3000000e+00
   2.0222000e+03   2.3440000e+00
   2.0223000e+03   2.3490000e+00
   2.0225000e+03   2.3150000e+00
   2.0227000e+03   2.3520000e+00
   2.0228000e+03   2.3560000e+00
   2.0230000e+03   2.3710000e+00
   2.0231000e+03   2.3890000e+00
   2.0233000e+03   2.3160000e+00
   2.0234000e+03   2.3200000e+00
   2.0236000e+03   2.4310000e+00
   2.0237000e+03   2.5610000e+00
   2.0239000e+03   2.5150000e+00
   2.0240000e+03   2.4390000e+00
   2.0242000e+03   2.3780000e+00
   2.0243000e+03   2.3540000e+00
   2.0245000e+03   2.3330000e+00
   2.0246000e+03   2.3300000e+00
   2.0248000e+03   2.2850000e+00
   2.0249000e+03   2.3280000e+00
   2.0251000e+03   2.4310000e+00
   2.0252000e+03   2.5650000e+00
   2.0254000e+03   2.4860000e+00
   2.0256000e+03   2.3170000e+00
   2.0257000e+03   2.2690000e+00
   2.0258000e+03   2.3060000e+00
   2.0260000e+03   2.2740000e+00
   2.0262000e+03   2.3410000e+00
   2.0263000e+03   2.3900000e+00
   2.0265000e+03   2.3190000e+00
   2.0266000e+03   2.3060000e+00
   2.0268000e+03   2.3210000e+00
   2.0269000e+03   2.3130000e+00
   2.0271000e+03   2.2780000e+00
   2.0272000e+03   2.2990000e+00
   2.0274000e+03   2.2750000e+00
   2.0275000e+03   2.2480000e+00
   2.0277000e+03   2.2510000e+00
   2.0278000e+03   2.2530000e+00
   2.0280000e+03   2.2590000e+00
   2.0281000e+03   2.2690000e+00
   2.0283000e+03   2.2930000e+00
   2.0284000e+03   2.3020000e+00
   2.0286000e+03   2.3330000e+00
   2.0287000e+03   2.3270000e+00
   2.0289000e+03   2.2730000e+00
   2.0291000e+03   2.2330000e+00
   2.0292000e+03   2.2350000e+00
   2.0294000e+03   2.2330000e+00
   2.0295000e+03   2.2320000e+00
   2.0297000e+03   2.2350000e+00
   2.0298000e+03   2.2380000e+00
   2.0300000e+03   2.2340000e+00
   2.0301000e+03   2.2290000e+00
   2.0303000e+03   2.2270000e+00
   2.0304000e+03   2.2350000e+00
   2.0306000e+03   2.2370000e+00
   2.0307000e+03   2.2320000e+00
   2.0309000e+03   2.2250000e+00
   2.0310000e+03   2.2150000e+00
   2.0312000e+03   2.2140000e+00
   2.0313000e+03   2.2120000e+00
   2.0315000e+03   2.2060000e+00
   2.0316000e+03   2.2120000e+00
   2.0318000e+03   2.2150000e+00
   2.0319000e+03   2.2180000e+00
   2.0321000e+03   2.2230000e+00
   2.0322000e+03   2.2180000e+00
   2.0324000e+03   2.2210000e+00
   2.0326000e+03   2.2200000e+00
   2.0327000e+03   2.2200000e+00
   2.0329000e+03   2.2190000e+00
   2.0330000e+03   2.2200000e+00
   2.0332000e+03   2.2210000e+00
   2.0333000e+03   2.2210000e+00
   2.0335000e+03   2.2240000e+00
   2.0336000e+03   2.2220000e+00
   2.0338000e+03   2.2250000e+00
   2.0339000e+03   2.2260000e+00
   2.0341000e+03   2.2230000e+00
   2.0342000e+03   2.2160000e+00
   2.0344000e+03   2.2110000e+00
   2.0345000e+03   2.2170000e+00
   2.0347000e+03   2.2190000e+00
   2.0348000e+03   2.2210000e+00
   2.0350000e+03   2.2240000e+00
   2.0352000e+03   2.2280000e+00
   2.0353000e+03   2.2270000e+00
   2.0354000e+03   2.2290000e+00
   2.0356000e+03   2.2250000e+00
   2.0358000e+03   2.2250000e+00
   2.0359000e+03   2.2310000e+00
   2.0361000e+03   2.2400000e+00
   2.0362000e+03   2.2390000e+00
   2.0364000e+03   2.2390000e+00
   2.0365000e+03   2.2390000e+00
   2.0367000e+03   2.2310000e+00
   2.0368000e+03   2.2240000e+00
   2.0370000e+03   2.2240000e+00
   2.0371000e+03   2.2250000e+00
   2.0373000e+03   2.2270000e+00
   2.0374000e+03   2.2340000e+00
   2.0376000e+03   2.2220000e+00
   2.0377000e+03   2.2300000e+00
   2.0379000e+03   2.2250000e+00
   2.0381000e+03   2.2340000e+00
   2.0382000e+03   2.2190000e+00
   2.0383000e+03   2.2230000e+00
   2.0385000e+03   2.2390000e+00
   2.0387000e+03   2.2440000e+00
   2.0388000e+03   2.2390000e+00
   2.0390000e+03   2.2240000e+00
   2.0391000e+03   2.2290000e+00
   2.0393000e+03   2.2510000e+00
   2.0394000e+03   2.2650000e+00
   2.0396000e+03   2.2620000e+00
   2.0397000e+03   2.2590000e+00
   2.0399000e+03   2.2570000e+00
   2.0400000e+03   2.2570000e+00
   2.0402000e+03   2.2710000e+00
   2.0403000e+03   2.2720000e+00
   2.0405000e+03   2.2720000e+00
   2.0406000e+03   2.2660000e+00
   2.0408000e+03   2.2590000e+00
   2.0409000e+03   2.2560000e+00
   2.0411000e+03   2.2510000e+00
   2.0413000e+03   2.2560000e+00
   2.0414000e+03   2.2560000e+00
   2.0416000e+03   2.2470000e+00
   2.0417000e+03   2.2450000e+00
   2.0419000e+03   2.2400000e+00
   2.0420000e+03   2.2440000e+00
   2.0422000e+03   2.2460000e+00
   2.0423000e+03   2.2700000e+00
   2.0425000e+03   2.2700000e+00
   2.0426000e+03   2.2620000e+00
   2.0428000e+03   2.2580000e+00
   2.0429000e+03   2.2500000e+00
   2.0431000e+03   2.2380000e+00
   2.0432000e+03   2.2450000e+00
   2.0434000e+03   2.2490000e+00
   2.0435000e+03   2.2560000e+00
   2.0437000e+03   2.2620000e+00
   2.0438000e+03   2.2580000e+00
   2.0440000e+03   2.2440000e+00
   2.0441000e+03   2.2230000e+00
   2.0443000e+03   2.2210000e+00
   2.0444000e+03   2.2100000e+00
   2.0446000e+03   2.2150000e+00
   2.0447000e+03   2.2260000e+00
   2.0449000e+03   2.2350000e+00
   2.0451000e+03   2.2250000e+00
   2.0452000e+03   2.2190000e+00
   2.0454000e+03   2.2350000e+00
   2.0455000e+03   2.2040000e+00
   2.0457000e+03   2.1940000e+00
   2.0458000e+03   2.2020000e+00
   2.0460000e+03   2.1980000e+00
   2.0461000e+03   2.2100000e+00
   2.0463000e+03   2.2230000e+00
   2.0464000e+03   2.2520000e+00
   2.0466000e+03   2.2620000e+00
   2.0467000e+03   2.2800000e+00
   2.0469000e+03   2.2960000e+00
   2.0470000e+03   2.3470000e+00
   2.0472000e+03   2.3980000e+00
   2.0473000e+03   2.3660000e+00
   2.0475000e+03   2.3060000e+00
   2.0476000e+03   2.2600000e+00
   2.0478000e+03   2.2600000e+00
   2.0479000e+03   2.2720000e+00
   2.0481000e+03   2.3000000e+00
   2.0483000e+03   2.3280000e+00
   2.0484000e+03   2.3260000e+00
   2.0486000e+03   2.3240000e+00
   2.0487000e+03   2.3320000e+00
   2.0489000e+03   2.3270000e+00
   2.0490000e+03   2.3020000e+00
   2.0492000e+03   2.2890000e+00
   2.0493000e+03   2.2860000e+00
   2.0495000e+03   2.2980000e+00
   2.0496000e+03   2.3070000e+00
   2.0498000e+03   2.3240000e+00
   2.0499000e+03   2.3020000e+00
   2.0501000e+03   2.2890000e+00
   2.0502000e+03   2.2710000e+00
   2.0504000e+03   2.2680000e+00
   2.0505000e+03   2.2560000e+00
   2.0507000e+03   2.2540000e+00
   2.0509000e+03   2.2570000e+00
   2.0510000e+03   2.2780000e+00
   2.0511000e+03   2.3100000e+00
   2.0513000e+03   2.3220000e+00
   2.0515000e+03   2.3470000e+00
   2.0516000e+03   2.3510000e+00
   2.0518000e+03   2.3430000e+00
   2.0519000e+03   2.3310000e+00
   2.0521000e+03   2.3180000e+00
   2.0522000e+03   2.3180000e+00
   2.0524000e+03   2.3140000e+00
   2.0525000e+03   2.3100000e+00
   2.0527000e+03   2.3020000e+00
   2.0528000e+03   2.3040000e+00
   2.0530000e+03   2.3020000e+00
   2.0531000e+03   2.3060000e+00
   2.0533000e+03   2.3220000e+00
   2.0534000e+03   2.3390000e+00
   2.0536000e+03   2.3550000e+00
   2.0537000e+03   2.3540000e+00
   2.0539000e+03   2.3450000e+00
   2.0541000e+03   2.3290000e+00
   2.0542000e+03   2.3180000e+00
   2.0544000e+03   2.3120000e+00
   2.0545000e+03   2.3170000e+00
   2.0547000e+03   2.3250000e+00
   2.0548000e+03   2.3360000e+00
   2.0550000e+03   2.3530000e+00
   2.0551000e+03   2.3760000e+00
   2.0553000e+03   2.4090000e+00
   2.0554000e+03   2.4590000e+00
   2.0556000e+03   2.4990000e+00
   2.0557000e+03   2.5100000e+00
   2.0559000e+03   2.4890000e+00
   2.0560000e+03   2.4110000e+00
   2.0562000e+03   2.3440000e+00
   2.0563000e+03   2.2990000e+00
   2.0565000e+03   2.3060000e+00
   2.0566000e+03   2.3190000e+00
   2.0568000e+03   2.3230000e+00
   2.0569000e+03   2.3370000e+00
   2.0571000e+03   2.3580000e+00
   2.0572000e+03   2.3440000e+00
   2.0574000e+03   2.3230000e+00
   2.0576000e+03   2.2980000e+00
   2.0577000e+03   2.2990000e+00
   2.0579000e+03   2.2860000e+00
   2.0580000e+03   2.2870000e+00
   2.0582000e+03   2.2850000e+00
   2.0583000e+03   2.3020000e+00
   2.0585000e+03   2.2990000e+00
   2.0586000e+03   2.2890000e+00
   2.0588000e+03   2.2770000e+00
   2.0589000e+03   2.2760000e+00
   2.0591000e+03   2.2800000e+00
   2.0592000e+03   2.2900000e+00
   2.0594000e+03   2.3070000e+00
   2.0595000e+03   2.3220000e+00
   2.0597000e+03   2.3380000e+00
   2.0598000e+03   2.3350000e+00
   2.0600000e+03   2.3360000e+00
   2.0601000e+03   2.3150000e+00
   2.0603000e+03   2.3040000e+00
   2.0604000e+03   2.3160000e+00
   2.0606000e+03   2.3300000e+00
   2.0607000e+03   2.3360000e+00
   2.0609000e+03   2.3490000e+00
   2.0611000e+03   2.3530000e+00
   2.0612000e+03   2.3550000e+00
   2.0614000e+03   2.3500000e+00
   2.0615000e+03   2.3380000e+00
   2.0617000e+03   2.3330000e+00
   2.0618000e+03   2.3480000e+00
   2.0620000e+03   2.3800000e+00
   2.0621000e+03   2.3560000e+00
   2.0623000e+03   2.3250000e+00
   2.0624000e+03   2.3070000e+00
   2.0626000e+03   2.3120000e+00
   2.0627000e+03   2.2970000e+00
   2.0629000e+03   2.3060000e+00
   2.0630000e+03   2.3250000e+00
   2.0632000e+03   2.3310000e+00
   2.0633000e+03   2.3140000e+00
   2.0635000e+03   2.2960000e+00
   2.0636000e+03   2.2890000e+00
   2.0638000e+03   2.2860000e+00
   2.0639000e+03   2.2980000e+00
   2.0641000e+03   2.3110000e+00
   2.0643000e+03   2.3210000e+00
   2.0644000e+03   2.3190000e+00
   2.0646000e+03   2.3100000e+00
   2.0647000e+03   2.3100000e+00
   2.0649000e+03   2.2970000e+00
   2.0650000e+03   2.3000000e+00
   2.0652000e+03   2.2820000e+00
   2.0653000e+03   2.2890000e+00
   2.0655000e+03   2.2810000e+00
   2.0656000e+03   2.2830000e+00
   2.0658000e+03   2.3070000e+00
   2.0659000e+03   2.3100000e+00
   2.0661000e+03   2.3120000e+00
   2.0662000e+03   2.3140000e+00
   2.0664000e+03   2.3150000e+00
   2.0665000e+03   2.3190000e+00
   2.0667000e+03   2.3170000e+00
   2.0669000e+03   2.3030000e+00
   2.0670000e+03   2.2980000e+00
   2.0671000e+03   2.2960000e+00
   2.0673000e+03   2.2960000e+00
   2.0675000e+03   2.3000000e+00
   2.0676000e+03   2.2990000e+00
   2.0678000e+03   2.2990000e+00
   2.0679000e+03   2.3050000e+00
   2.0681000e+03   2.3060000e+00
   2.0682000e+03   2.3070000e+00
   2.0684000e+03   2.3000000e+00
   2.0685000e+03   2.2990000e+00
   2.0687000e+03   2.2970000e+00
   2.0688000e+03   2.2990000e+00
   2.0690000e+03   2.2990000e+00
   2.0691000e+03   2.3050000e+00
   2.0693000e+03   2.3120000e+00
   2.0694000e+03   2.3120000e+00
   2.0696000e+03   2.3120000e+00
   2.0697000e+03   2.3100000e+00
   2.0699000e+03   2.3080000e+00
   2.0701000e+03   2.3130000e+00
   2.0702000e+03   2.3020000e+00
   2.0704000e+03   2.3010000e+00
   2.0705000e+03   2.3090000e+00
   2.0707000e+03   2.3290000e+00
   2.0708000e+03   2.3320000e+00
   2.0710000e+03   2.3880000e+00
   2.0711000e+03   2.4000000e+00
   2.0713000e+03   2.4110000e+00
   2.0714000e+03   2.3430000e+00
   2.0716000e+03   2.3220000e+00
   2.0717000e+03   2.3050000e+00
   2.0719000e+03   2.3070000e+00
   2.0720000e+03   2.3070000e+00
   2.0722000e+03   2.3070000e+00
   2.0723000e+03   2.3080000e+00
   2.0725000e+03   2.3010000e+00
   2.0726000e+03   2.2940000e+00
   2.0728000e+03   2.2890000e+00
   2.0729000e+03   2.2870000e+00
   2.0731000e+03   2.2860000e+00
   2.0732000e+03   2.2830000e+00
   2.0734000e+03   2.2890000e+00
   2.0736000e+03   2.2900000e+00
   2.0737000e+03   2.2950000e+00
   2.0739000e+03   2.2990000e+00
   2.0740000e+03   2.2950000e+00
   2.0742000e+03   2.3050000e+00
   2.0743000e+03   2.2980000e+00
   2.0745000e+03   2.3000000e+00
   2.0746000e+03   2.3170000e+00
   2.0748000e+03   2.3100000e+00
   2.0749000e+03   2.3100000e+00
   2.0751000e+03   2.2900000e+00
   2.0752000e+03   2.2720000e+00
   2.0754000e+03   2.2490000e+00
   2.0755000e+03   2.2340000e+00
   2.0757000e+03   2.2290000e+00
   2.0758000e+03   2.2290000e+00
   2.0760000e+03   2.2350000e+00
   2.0761000e+03   2.2470000e+00
   2.0763000e+03   2.2510000e+00
   2.0764000e+03   2.2490000e+00
   2.0766000e+03   2.2430000e+00
   2.0767000e+03   2.2480000e+00
   2.0769000e+03   2.2490000e+00
   2.0771000e+03   2.2520000e+00
   2.0772000e+03   2.2470000e+00
   2.0774000e+03   2.2410000e+00
   2.0775000e+03   2.2400000e+00
   2.0777000e+03   2.2410000e+00
   2.0778000e+03   2.2540000e+00
   2.0780000e+03   2.2490000e+00
   2.0781000e+03   2.2400000e+00
   2.0783000e+03   2.2260000e+00
   2.0784000e+03   2.2290000e+00
   2.0786000e+03   2.2320000e+00
   2.0787000e+03   2.2340000e+00
   2.0789000e+03   2.2310000e+00
   2.0790000e+03   2.2210000e+00
   2.0792000e+03   2.2200000e+00
   2.0794000e+03   2.2360000e+00
   2.0795000e+03   2.2440000e+00
   2.0796000e+03   2.2500000e+00
   2.0798000e+03   2.2600000e+00
   2.0800000e+03   2.2660000e+00
   2.0801000e+03   2.2640000e+00
   2.0803000e+03   2.2580000e+00
   2.0804000e+03   2.2510000e+00
   2.0806000e+03   2.2520000e+00
   2.0807000e+03   2.2500000e+00
   2.0809000e+03   2.2620000e+00
   2.0810000e+03   2.2620000e+00
   2.0812000e+03   2.2670000e+00
   2.0813000e+03   2.2630000e+00
   2.0815000e+03   2.2660000e+00
   2.0816000e+03   2.2680000e+00
   2.0818000e+03   2.2780000e+00
   2.0819000e+03   2.2780000e+00
   2.0821000e+03   2.2760000e+00
   2.0822000e+03   2.2510000e+00
   2.0824000e+03   2.2320000e+00
   2.0826000e+03   2.2140000e+00
   2.0827000e+03   2.2190000e+00
   2.0829000e+03   2.2430000e+00
   2.0830000e+03   2.2430000e+00
   2.0832000e+03   2.2410000e+00
   2.0833000e+03   2.2250000e+00
   2.0835000e+03   2.2190000e+00
   2.0836000e+03   2.2070000e+00
   2.0838000e+03   2.2310000e+00
   2.0839000e+03   2.2520000e+00
   2.0841000e+03   2.2770000e+00
   2.0842000e+03   2.2730000e+00
   2.0844000e+03   2.2680000e+00
   2.0845000e+03   2.2670000e+00
   2.0847000e+03   2.2640000e+00
   2.0848000e+03   2.2600000e+00
   2.0850000e+03   2.2500000e+00
   2.0851000e+03   2.2550000e+00
   2.0853000e+03   2.2660000e+00
   2.0854000e+03   2.2700000e+00
   2.0856000e+03   2.2640000e+00
   2.0857000e+03   2.2520000e+00
   2.0859000e+03   2.2500000e+00
   2.0861000e+03   2.2450000e+00
   2.0862000e+03   2.2520000e+00
   2.0864000e+03   2.2560000e+00
   2.0865000e+03   2.2690000e+00
   2.0867000e+03   2.2740000e+00
   2.0868000e+03   2.2690000e+00
   2.0870000e+03   2.2540000e+00
   2.0871000e+03   2.2370000e+00
   2.0873000e+03   2.2370000e+00
   2.0874000e+03   2.2350000e+00
   2.0876000e+03   2.2330000e+00
   2.0877000e+03   2.2250000e+00
   2.0879000e+03   2.2310000e+00
   2.0880000e+03   2.2390000e+00
   2.0882000e+03   2.2500000e+00
   2.0883000e+03   2.2530000e+00
   2.0885000e+03   2.2420000e+00
   2.0886000e+03   2.2330000e+00
   2.0888000e+03   2.2280000e+00
   2.0889000e+03   2.2230000e+00
   2.0891000e+03   2.2250000e+00
   2.0893000e+03   2.2300000e+00
   2.0894000e+03   2.2300000e+00
   2.0896000e+03   2.2320000e+00
   2.0897000e+03   2.2410000e+00
   2.0899000e+03   2.2380000e+00
   2.0900000e+03   2.2300000e+00
   2.0902000e+03   2.2350000e+00
   2.0903000e+03   2.2450000e+00
   2.0905000e+03   2.2550000e+00
   2.0906000e+03   2.2560000e+00
   2.0908000e+03   2.2610000e+00
   2.0909000e+03   2.2580000e+00
   2.0911000e+03   2.2570000e+00
   2.0912000e+03   2.2470000e+00
   2.0914000e+03   2.2380000e+00
   2.0915000e+03   2.2280000e+00
   2.0917000e+03   2.2380000e+00
   2.0918000e+03   2.2560000e+00
   2.0920000e+03   2.2700000e+00
   2.0921000e+03   2.2730000e+00
   2.0923000e+03   2.2660000e+00
   2.0924000e+03   2.2620000e+00
   2.0926000e+03   2.2670000e+00
   2.0928000e+03   2.2680000e+00
   2.0929000e+03   2.2690000e+00
   2.0931000e+03   2.2650000e+00
   2.0932000e+03   2.2620000e+00
   2.0934000e+03   2.2550000e+00
   2.0935000e+03   2.2530000e+00
   2.0937000e+03   2.2520000e+00
   2.0938000e+03   2.2410000e+00
   2.0940000e+03   2.2440000e+00
   2.0941000e+03   2.2680000e+00
   2.0943000e+03   2.2810000e+00
   2.0944000e+03   2.2790000e+00
   2.0946000e+03   2.2600000e+00
   2.0947000e+03   2.2530000e+00
   2.0949000e+03   2.2500000e+00
   2.0950000e+03   2.2590000e+00
   2.0952000e+03   2.2650000e+00
   2.0954000e+03   2.2920000e+00
   2.0955000e+03   2.3250000e+00
   2.0956000e+03   2.3320000e+00
   2.0958000e+03   2.3100000e+00
   2.0960000e+03   2.2730000e+00
   2.0961000e+03   2.2490000e+00
   2.0963000e+03   2.2420000e+00
   2.0964000e+03   2.2370000e+00
   2.0966000e+03   2.2360000e+00
   2.0967000e+03   2.2380000e+00
   2.0969000e+03   2.2280000e+00
   2.0970000e+03   2.2260000e+00
   2.0972000e+03   2.2200000e+00
   2.0973000e+03   2.2470000e+00
   2.0975000e+03   2.2440000e+00
   2.0976000e+03   2.2470000e+00
   2.0978000e+03   2.2360000e+00
   2.0979000e+03   2.2450000e+00
   2.0981000e+03   2.2440000e+00
   2.0982000e+03   2.2380000e+00
   2.0984000e+03   2.2380000e+00
   2.0986000e+03   2.2440000e+00
   2.0987000e+03   2.2480000e+00
   2.0989000e+03   2.2540000e+00
   2.0990000e+03   2.2650000e+00
   2.0992000e+03   2.2860000e+00
   2.0993000e+03   2.2840000e+00
   2.0995000e+03   2.2780000e+00
   2.0996000e+03   2.2670000e+00
   2.0998000e+03   2.2630000e+00
   2.0999000e+03   2.2610000e+00
   2.1001000e+03   2.2560000e+00
   2.1002000e+03   2.2580000e+00
   2.1004000e+03   2.2620000e+00
   2.1005000e+03   2.2750000e+00
   2.1007000e+03   2.2850000e+00
   2.1008000e+03   2.2890000e+00
   2.1010000e+03   2.2820000e+00
   2.1011000e+03   2.2660000e+00
   2.1013000e+03   2.2600000e+00
   2.1014000e+03   2.2550000e+00
   2.1016000e+03   2.2550000e+00
   2.1017000e+03   2.2530000e+00
   2.1019000e+03   2.2630000e+00
   2.1021000e+03   2.2680000e+00
   2.1022000e+03   2.2800000e+00
   2.1024000e+03   2.2900000e+00
   2.1025000e+03   2.2860000e+00
   2.1027000e+03   2.2630000e+00
   2.1028000e+03   2.2400000e+00
   2.1030000e+03   2.2240000e+00
   2.1031000e+03   2.2250000e+00
   2.1033000e+03   2.2460000e+00
   2.1034000e+03   2.2690000e+00
   2.1036000e+03   2.2810000e+00
   2.1037000e+03   2.2690000e+00
   2.1039000e+03   2.2490000e+00
   2.1040000e+03   2.2430000e+00
   2.1042000e+03   2.2600000e+00
   2.1043000e+03   2.2820000e+00
   2.1045000e+03   2.2750000e+00
   2.1046000e+03   2.2580000e+00
   2.1048000e+03   2.2440000e+00
   2.1049000e+03   2.2390000e+00
   2.1051000e+03   2.2330000e+00
   2.1053000e+03   2.2360000e+00
   2.1054000e+03   2.2480000e+00
   2.1056000e+03   2.2590000e+00
   2.1057000e+03   2.2500000e+00
   2.1059000e+03   2.2280000e+00
   2.1060000e+03   2.2270000e+00
   2.1062000e+03   2.2310000e+00
   2.1063000e+03   2.2220000e+00
   2.1065000e+03   2.2070000e+00
   2.1066000e+03   2.1980000e+00
   2.1068000e+03   2.2100000e+00
   2.1069000e+03   2.2160000e+00
   2.1071000e+03   2.2330000e+00
   2.1072000e+03   2.2520000e+00
   2.1074000e+03   2.2610000e+00
   2.1075000e+03   2.2450000e+00
   2.1077000e+03   2.2440000e+00
   2.1078000e+03   2.2410000e+00
   2.1080000e+03   2.2480000e+00
   2.1081000e+03   2.2600000e+00
   2.1083000e+03   2.2630000e+00
   2.1084000e+03   2.2580000e+00
   2.1086000e+03   2.2390000e+00
   2.1088000e+03   2.2290000e+00
   2.1089000e+03   2.2290000e+00
   2.1091000e+03   2.2350000e+00
   2.1092000e+03   2.2270000e+00
   2.1094000e+03   2.2280000e+00
   2.1095000e+03   2.2200000e+00
   2.1097000e+03   2.2210000e+00
   2.1098000e+03   2.2250000e+00
   2.1100000e+03   2.2340000e+00
   2.1101000e+03   2.2350000e+00
   2.1103000e+03   2.2340000e+00
   2.1104000e+03   2.2270000e+00
   2.1106000e+03   2.2380000e+00
   2.1107000e+03   2.2450000e+00
   2.1109000e+03   2.2550000e+00
   2.1110000e+03   2.2580000e+00
   2.1112000e+03   2.2520000e+00
   2.1114000e+03   2.2500000e+00
   2.1115000e+03   2.2410000e+00
   2.1116000e+03   2.2490000e+00
   2.1118000e+03   2.2530000e+00
   2.1120000e+03   2.2500000e+00
   2.1121000e+03   2.2540000e+00
   2.1123000e+03   2.2670000e+00
   2.1124000e+03   2.2830000e+00
   2.1126000e+03   2.2800000e+00
   2.1127000e+03   2.2880000e+00
   2.1129000e+03   2.2860000e+00
   2.1130000e+03   2.2890000e+00
   2.1132000e+03   2.2780000e+00
   2.1133000e+03   2.2810000e+00
   2.1135000e+03   2.2820000e+00
   2.1136000e+03   2.2840000e+00
   2.1138000e+03   2.2820000e+00
   2.1139000e+03   2.2800000e+00
   2.1141000e+03   2.2840000e+00
   2.1143000e+03   2.2870000e+00
   2.1144000e+03   2.2840000e+00
   2.1146000e+03   2.2790000e+00
   2.1147000e+03   2.2780000e+00
   2.1149000e+03   2.2770000e+00
   2.1150000e+03   2.2820000e+00
   2.1152000e+03   2.2920000e+00
   2.1153000e+03   2.3020000e+00
   2.1155000e+03   2.3050000e+00
   2.1156000e+03   2.3040000e+00
   2.1158000e+03   2.3060000e+00
   2.1159000e+03   2.3010000e+00
   2.1161000e+03   2.3030000e+00
   2.1162000e+03   2.3050000e+00
   2.1164000e+03   2.3020000e+00
   2.1165000e+03   2.2920000e+00
   2.1167000e+03   2.2810000e+00
   2.1168000e+03   2.2740000e+00
   2.1170000e+03   2.2980000e+00
   2.1171000e+03   2.3270000e+00
   2.1173000e+03   2.3320000e+00
   2.1174000e+03   2.2980000e+00
   2.1176000e+03   2.2750000e+00
   2.1177000e+03   2.2840000e+00
   2.1179000e+03   2.2890000e+00
   2.1181000e+03   2.2800000e+00
   2.1182000e+03   2.2810000e+00
   2.1184000e+03   2.2840000e+00
   2.1185000e+03   2.2880000e+00
   2.1187000e+03   2.2980000e+00
   2.1188000e+03   2.2920000e+00
   2.1190000e+03   2.2880000e+00
   2.1191000e+03   2.2820000e+00
   2.1193000e+03   2.2940000e+00
   2.1194000e+03   2.2940000e+00
   2.1196000e+03   2.2990000e+00
   2.1197000e+03   2.2990000e+00
   2.1199000e+03   2.2960000e+00
   2.1200000e+03   2.2830000e+00
   2.1202000e+03   2.2610000e+00
   2.1203000e+03   2.2510000e+00
   2.1205000e+03   2.2610000e+00
   2.1206000e+03   2.2770000e+00
   2.1208000e+03   2.2890000e+00
   2.1209000e+03   2.2860000e+00
   2.1211000e+03   2.2810000e+00
   2.1213000e+03   2.2740000e+00
   2.1214000e+03   2.2800000e+00
   2.1216000e+03   2.2780000e+00
   2.1217000e+03   2.2730000e+00
   2.1219000e+03   2.2670000e+00
   2.1220000e+03   2.2860000e+00
   2.1222000e+03   2.2730000e+00
   2.1223000e+03   2.2670000e+00
   2.1225000e+03   2.2680000e+00
   2.1226000e+03   2.2650000e+00
   2.1228000e+03   2.2730000e+00
   2.1229000e+03   2.2780000e+00
   2.1231000e+03   2.2920000e+00
   2.1232000e+03   2.2920000e+00
   2.1234000e+03   2.2910000e+00
   2.1235000e+03   2.2880000e+00
   2.1237000e+03   2.2950000e+00
   2.1239000e+03   2.2920000e+00
   2.1240000e+03   2.2910000e+00
   2.1241000e+03   2.2880000e+00
   2.1243000e+03   2.2920000e+00
   2.1245000e+03   2.2940000e+00
   2.1246000e+03   2.2960000e+00
   2.1248000e+03   2.2960000e+00
   2.1249000e+03   2.2980000e+00
   2.1251000e+03   2.2980000e+00
   2.1252000e+03   2.2790000e+00
   2.1254000e+03   2.2680000e+00
   2.1255000e+03   2.2500000e+00
   2.1257000e+03   2.2620000e+00
   2.1258000e+03   2.2680000e+00
   2.1260000e+03   2.2660000e+00
   2.1261000e+03   2.2530000e+00
   2.1263000e+03   2.2500000e+00
   2.1264000e+03   2.2280000e+00
   2.1266000e+03   2.2270000e+00
   2.1267000e+03   2.2170000e+00
   2.1269000e+03   2.2290000e+00
   2.1271000e+03   2.2260000e+00
   2.1272000e+03   2.2200000e+00
   2.1274000e+03   2.2220000e+00
   2.1275000e+03   2.2240000e+00
   2.1277000e+03   2.2350000e+00
   2.1278000e+03   2.2430000e+00
   2.1280000e+03   2.2350000e+00
   2.1281000e+03   2.2360000e+00
   2.1283000e+03   2.2370000e+00
   2.1284000e+03   2.2430000e+00
   2.1286000e+03   2.2490000e+00
   2.1287000e+03   2.2420000e+00
   2.1289000e+03   2.2270000e+00
   2.1290000e+03   2.2100000e+00
   2.1292000e+03   2.2330000e+00
   2.1293000e+03   2.2340000e+00
   2.1295000e+03   2.2440000e+00
   2.1296000e+03   2.2680000e+00
   2.1298000e+03   2.2580000e+00
   2.1299000e+03   2.2610000e+00
   2.1301000e+03   2.2540000e+00
   2.1303000e+03   2.2500000e+00
   2.1304000e+03   2.2410000e+00
   2.1306000e+03   2.2450000e+00
   2.1307000e+03   2.2530000e+00
   2.1309000e+03   2.2510000e+00
   2.1310000e+03   2.2470000e+00
   2.1312000e+03   2.2510000e+00
   2.1313000e+03   2.2520000e+00
   2.1315000e+03   2.2520000e+00
   2.1316000e+03   2.2330000e+00
   2.1318000e+03   2.2390000e+00
   2.1319000e+03   2.2400000e+00
   2.1321000e+03   2.2440000e+00
   2.1322000e+03   2.2480000e+00
   2.1324000e+03   2.2460000e+00
   2.1325000e+03   2.2470000e+00
   2.1327000e+03   2.2500000e+00
   2.1328000e+03   2.2520000e+00
   2.1330000e+03   2.2450000e+00
   2.1331000e+03   2.2470000e+00
   2.1333000e+03   2.2400000e+00
   2.1334000e+03   2.2470000e+00
   2.1336000e+03   2.2390000e+00
   2.1337000e+03   2.2350000e+00
   2.1339000e+03   2.2370000e+00
   2.1341000e+03   2.2410000e+00
   2.1342000e+03   2.2430000e+00
   2.1344000e+03   2.2450000e+00
   2.1345000e+03   2.2520000e+00
   2.1347000e+03   2.2540000e+00
   2.1348000e+03   2.2600000e+00
   2.1350000e+03   2.2660000e+00
   2.1351000e+03   2.2670000e+00
   2.1353000e+03   2.2730000e+00
   2.1354000e+03   2.2660000e+00
   2.1356000e+03   2.2640000e+00
   2.1357000e+03   2.2650000e+00
   2.1359000e+03   2.2610000e+00
   2.1360000e+03   2.2640000e+00
   2.1362000e+03   2.2640000e+00
   2.1363000e+03   2.2630000e+00
   2.1365000e+03   2.2550000e+00
   2.1366000e+03   2.2670000e+00
   2.1368000e+03   2.2720000e+00
   2.1369000e+03   2.2780000e+00
   2.1371000e+03   2.2800000e+00
   2.1373000e+03   2.2790000e+00
   2.1374000e+03   2.2800000e+00
   2.1376000e+03   2.2820000e+00
   2.1377000e+03   2.2770000e+00
   2.1379000e+03   2.2780000e+00
   2.1380000e+03   2.2780000e+00
   2.1382000e+03   2.2630000e+00
   2.1383000e+03   2.2560000e+00
   2.1385000e+03   2.2490000e+00
   2.1386000e+03   2.2450000e+00
   2.1388000e+03   2.2390000e+00
   2.1389000e+03   2.2430000e+00
   2.1391000e+03   2.2590000e+00
   2.1392000e+03   2.2610000e+00
   2.1394000e+03   2.2580000e+00
   2.1395000e+03   2.2630000e+00
   2.1397000e+03   2.2640000e+00
   2.1399000e+03   2.2650000e+00
   2.1400000e+03   2.2660000e+00
   2.1401000e+03   2.2670000e+00
   2.1403000e+03   2.2590000e+00
   2.1405000e+03   2.2520000e+00
   2.1406000e+03   2.2480000e+00
   2.1408000e+03   2.2460000e+00
   2.1409000e+03   2.2500000e+00
   2.1411000e+03   2.2500000e+00
   2.1412000e+03   2.2540000e+00
   2.1414000e+03   2.2550000e+00
   2.1415000e+03   2.2680000e+00
   2.1417000e+03   2.2600000e+00
   2.1418000e+03   2.2710000e+00
   2.1420000e+03   2.3000000e+00
   2.1421000e+03   2.3030000e+00
   2.1423000e+03   2.2650000e+00
   2.1424000e+03   2.2760000e+00
   2.1426000e+03   2.2710000e+00
   2.1427000e+03   2.2510000e+00
   2.1429000e+03   2.2500000e+00
   2.1431000e+03   2.2570000e+00
   2.1432000e+03   2.2680000e+00
   2.1434000e+03   2.2840000e+00
   2.1435000e+03   2.2940000e+00
   2.1437000e+03   2.2880000e+00
   2.1438000e+03   2.2990000e+00
   2.1440000e+03   2.3020000e+00
   2.1441000e+03   2.2860000e+00
   2.1443000e+03   2.2820000e+00
   2.1444000e+03   2.2710000e+00
   2.1446000e+03   2.2580000e+00
   2.1447000e+03   2.2530000e+00
   2.1449000e+03   2.2720000e+00
   2.1450000e+03   2.2810000e+00
   2.1452000e+03   2.2770000e+00
   2.1453000e+03   2.2800000e+00
   2.1455000e+03   2.2750000e+00
   2.1456000e+03   2.2670000e+00
   2.1458000e+03   2.2750000e+00
   2.1459000e+03   2.2850000e+00
   2.1461000e+03   2.2960000e+00
   2.1462000e+03   2.3060000e+00
   2.1464000e+03   2.3080000e+00
   2.1466000e+03   2.3070000e+00
   2.1467000e+03   2.3080000e+00
   2.1469000e+03   2.3140000e+00
   2.1470000e+03   2.3120000e+00
   2.1472000e+03   2.2870000e+00
   2.1473000e+03   2.2860000e+00
   2.1475000e+03   2.2890000e+00
   2.1476000e+03   2.2820000e+00
   2.1478000e+03   2.2970000e+00
   2.1479000e+03   2.2980000e+00
   2.1481000e+03   2.3010000e+00
   2.1482000e+03   2.2950000e+00
   2.1484000e+03   2.2900000e+00
   2.1485000e+03   2.2800000e+00
   2.1487000e+03   2.2850000e+00
   2.1488000e+03   2.2690000e+00
   2.1490000e+03   2.2780000e+00
   2.1491000e+03   2.3150000e+00
   2.1493000e+03   2.3080000e+00
   2.1494000e+03   2.3120000e+00
   2.1496000e+03   2.3170000e+00
   2.1497000e+03   2.3050000e+00
   2.1499000e+03   2.2700000e+00
   2.1501000e+03   2.2530000e+00
   2.1502000e+03   2.2590000e+00
   2.1504000e+03   2.2620000e+00
   2.1505000e+03   2.2650000e+00
   2.1507000e+03   2.2960000e+00
   2.1508000e+03   2.3180000e+00
   2.1510000e+03   2.3180000e+00
   2.1511000e+03   2.3080000e+00
   2.1513000e+03   2.2760000e+00
   2.1514000e+03   2.2700000e+00
   2.1516000e+03   2.2810000e+00
   2.1517000e+03   2.2910000e+00
   2.1519000e+03   2.2850000e+00
   2.1520000e+03   2.3090000e+00
   2.1522000e+03   2.3160000e+00
   2.1524000e+03   2.3150000e+00
   2.1525000e+03   2.3090000e+00
   2.1526000e+03   2.3070000e+00
   2.1528000e+03   2.2900000e+00
   2.1529000e+03   2.2940000e+00
   2.1531000e+03   2.2860000e+00
   2.1533000e+03   2.2770000e+00
   2.1534000e+03   2.2620000e+00
   2.1536000e+03   2.2600000e+00
   2.1537000e+03   2.2590000e+00
   2.1539000e+03   2.2770000e+00
   2.1540000e+03   2.1940000e+00
   2.1542000e+03   2.2220000e+00
   2.1543000e+03   2.2280000e+00
   2.1545000e+03   2.2490000e+00
   2.1546000e+03   2.2190000e+00
   2.1548000e+03   2.1970000e+00
   2.1549000e+03   2.1640000e+00
   2.1551000e+03   2.1570000e+00
   2.1552000e+03   2.1610000e+00
   2.1554000e+03   2.1620000e+00
   2.1556000e+03   2.1830000e+00
   2.1557000e+03   2.2020000e+00
   2.1559000e+03   2.2080000e+00
   2.1560000e+03   2.1980000e+00
   2.1562000e+03   2.1760000e+00
   2.1563000e+03   2.1610000e+00
   2.1565000e+03   2.1610000e+00
   2.1566000e+03   2.1580000e+00
   2.1568000e+03   2.1550000e+00
   2.1569000e+03   2.1480000e+00
   2.1571000e+03   2.1420000e+00
   2.1572000e+03   2.1340000e+00
   2.1574000e+03   2.1250000e+00
   2.1575000e+03   2.1240000e+00
   2.1577000e+03   2.1130000e+00
   2.1578000e+03   2.1070000e+00
   2.1580000e+03   2.1160000e+00
   2.1581000e+03   2.1160000e+00
   2.1583000e+03   2.1140000e+00
   2.1584000e+03   2.1040000e+00
   2.1586000e+03   2.1040000e+00
   2.1587000e+03   2.0970000e+00
   2.1589000e+03   2.0830000e+00
   2.1591000e+03   2.0740000e+00
   2.1592000e+03   2.0710000e+00
   2.1594000e+03   2.0690000e+00
   2.1595000e+03   2.0830000e+00
   2.1597000e+03   2.1120000e+00
   2.1598000e+03   2.1580000e+00
   2.1600000e+03   2.1860000e+00
   2.1601000e+03   2.1750000e+00
   2.1603000e+03   2.1420000e+00
   2.1604000e+03   2.1240000e+00
   2.1606000e+03   2.1480000e+00
   2.1607000e+03   2.1940000e+00
   2.1609000e+03   2.1980000e+00
   2.1610000e+03   2.1580000e+00
   2.1612000e+03   2.1100000e+00
   2.1613000e+03   2.0830000e+00
   2.1615000e+03   2.0690000e+00
   2.1616000e+03   2.0670000e+00
   2.1618000e+03   2.0720000e+00
   2.1619000e+03   2.0890000e+00
   2.1621000e+03   2.0990000e+00
   2.1622000e+03   2.1010000e+00
   2.1624000e+03   2.1000000e+00
   2.1626000e+03   2.1060000e+00
   2.1627000e+03   2.1050000e+00
   2.1629000e+03   2.1010000e+00
   2.1630000e+03   2.0940000e+00
   2.1632000e+03   2.0830000e+00
   2.1633000e+03   2.0740000e+00
   2.1635000e+03   2.0650000e+00
   2.1636000e+03   2.0610000e+00
   2.1638000e+03   2.0640000e+00
   2.1639000e+03   2.0870000e+00
   2.1641000e+03   2.1050000e+00
   2.1642000e+03   2.1100000e+00
   2.1644000e+03   2.1010000e+00
   2.1645000e+03   2.1140000e+00
   2.1647000e+03   2.1420000e+00
   2.1648000e+03   2.2100000e+00
   2.1650000e+03   2.2800000e+00
   2.1651000e+03   2.2820000e+00
   2.1653000e+03   2.2620000e+00
   2.1654000e+03   2.1900000e+00
   2.1656000e+03   2.1420000e+00
   2.1658000e+03   2.1130000e+00
   2.1659000e+03   2.1300000e+00
   2.1661000e+03   2.2380000e+00
   2.1662000e+03   2.2420000e+00
   2.1664000e+03   2.2100000e+00
   2.1665000e+03   2.1420000e+00
   2.1667000e+03   2.1020000e+00
   2.1668000e+03   2.0550000e+00
   2.1670000e+03   2.0370000e+00
   2.1671000e+03   2.0370000e+00
   2.1673000e+03   2.0360000e+00
   2.1674000e+03   2.0410000e+00
   2.1676000e+03   2.0480000e+00
   2.1677000e+03   2.0560000e+00
   2.1679000e+03   2.0580000e+00
   2.1680000e+03   2.0700000e+00
   2.1682000e+03   2.0850000e+00
   2.1684000e+03   2.1070000e+00
   2.1685000e+03   2.1170000e+00
   2.1686000e+03   2.1340000e+00
   2.1688000e+03   2.1320000e+00
   2.1690000e+03   2.1380000e+00
   2.1691000e+03   2.1390000e+00
   2.1693000e+03   2.1380000e+00
   2.1694000e+03   2.1320000e+00
   2.1696000e+03   2.1260000e+00
   2.1697000e+03   2.1300000e+00
   2.1699000e+03   2.1290000e+00
   2.1700000e+03   2.1280000e+00
   2.1702000e+03   2.1250000e+00
   2.1703000e+03   2.1340000e+00
   2.1705000e+03   2.1420000e+00
   2.1706000e+03   2.1390000e+00
   2.1708000e+03   2.1320000e+00
   2.1709000e+03   2.1110000e+00
   2.1711000e+03   2.0990000e+00
   2.1712000e+03   2.0940000e+00
   2.1714000e+03   2.1050000e+00
   2.1716000e+03   2.1200000e+00
   2.1717000e+03   2.1270000e+00
   2.1719000e+03   2.1280000e+00
   2.1720000e+03   2.1230000e+00
   2.1722000e+03   2.1230000e+00
   2.1723000e+03   2.1240000e+00
   2.1725000e+03   2.1330000e+00
   2.1726000e+03   2.1470000e+00
   2.1728000e+03   2.1580000e+00
   2.1729000e+03   2.1560000e+00
   2.1731000e+03   2.1450000e+00
   2.1732000e+03   2.1290000e+00
   2.1734000e+03   2.1140000e+00
   2.1735000e+03   2.1060000e+00
   2.1737000e+03   2.1190000e+00
   2.1738000e+03   2.1280000e+00
   2.1740000e+03   2.1310000e+00
   2.1741000e+03   2.1570000e+00
   2.1743000e+03   2.2020000e+00
   2.1744000e+03   2.2490000e+00
   2.1746000e+03   2.2360000e+00
   2.1747000e+03   2.1990000e+00
   2.1749000e+03   2.1650000e+00
   2.1751000e+03   2.1480000e+00
   2.1752000e+03   2.1470000e+00
   2.1754000e+03   2.1480000e+00
   2.1755000e+03   2.1460000e+00
   2.1757000e+03   2.1440000e+00
   2.1758000e+03   2.1280000e+00
   2.1760000e+03   2.1250000e+00
   2.1761000e+03   2.1230000e+00
   2.1763000e+03   2.1290000e+00
   2.1764000e+03   2.1290000e+00
   2.1766000e+03   2.1300000e+00
   2.1767000e+03   2.1350000e+00
   2.1769000e+03   2.1310000e+00
   2.1770000e+03   2.1270000e+00
   2.1772000e+03   2.1210000e+00
   2.1773000e+03   2.1270000e+00
   2.1775000e+03   2.1270000e+00
   2.1776000e+03   2.1300000e+00
   2.1778000e+03   2.1290000e+00
   2.1779000e+03   2.1210000e+00
   2.1781000e+03   2.1230000e+00
   2.1782000e+03   2.1200000e+00
   2.1784000e+03   2.1220000e+00
   2.1786000e+03   2.1210000e+00
   2.1787000e+03   2.1250000e+00
   2.1789000e+03   2.1200000e+00
   2.1790000e+03   2.1230000e+00
   2.1792000e+03   2.1210000e+00
   2.1793000e+03   2.1350000e+00
   2.1795000e+03   2.1670000e+00
   2.1796000e+03   2.2050000e+00
   2.1798000e+03   2.2300000e+00
   2.1799000e+03   2.2240000e+00
   2.1801000e+03   2.1870000e+00
   2.1802000e+03   2.1470000e+00
   2.1804000e+03   2.1210000e+00
   2.1805000e+03   2.1230000e+00
   2.1807000e+03   2.1210000e+00
   2.1808000e+03   2.1180000e+00
   2.1810000e+03   2.1270000e+00
   2.1811000e+03   2.1330000e+00
   2.1813000e+03   2.1380000e+00
   2.1814000e+03   2.1350000e+00
   2.1816000e+03   2.1280000e+00
   2.1818000e+03   2.1260000e+00
   2.1819000e+03   2.1390000e+00
   2.1821000e+03   2.1750000e+00
   2.1822000e+03   2.2150000e+00
   2.1824000e+03   2.2130000e+00
   2.1825000e+03   2.1810000e+00
   2.1827000e+03   2.1500000e+00
   2.1828000e+03   2.1440000e+00
   2.1830000e+03   2.1410000e+00
   2.1831000e+03   2.1520000e+00
   2.1833000e+03   2.1740000e+00
   2.1834000e+03   2.1810000e+00
   2.1836000e+03   2.1590000e+00
   2.1837000e+03   2.1400000e+00
   2.1839000e+03   2.1410000e+00
   2.1840000e+03   2.1430000e+00
   2.1842000e+03   2.1480000e+00
   2.1844000e+03   2.1440000e+00
   2.1845000e+03   2.1490000e+00
   2.1846000e+03   2.1700000e+00
   2.1848000e+03   2.1800000e+00
   2.1850000e+03   2.1900000e+00
   2.1851000e+03   2.1940000e+00
   2.1853000e+03   2.2020000e+00
   2.1854000e+03   2.2260000e+00
   2.1856000e+03   2.2540000e+00
   2.1857000e+03   2.2620000e+00
   2.1859000e+03   2.2260000e+00
   2.1860000e+03   2.1740000e+00
   2.1862000e+03   2.1580000e+00
   2.1863000e+03   2.1460000e+00
   2.1865000e+03   2.1540000e+00
   2.1866000e+03   2.1570000e+00
   2.1868000e+03   2.1790000e+00
   2.1869000e+03   2.1840000e+00
   2.1871000e+03   2.1720000e+00
   2.1872000e+03   2.1590000e+00
   2.1874000e+03   2.1750000e+00
   2.1876000e+03   2.2020000e+00
   2.1877000e+03   2.2070000e+00
   2.1879000e+03   2.1870000e+00
   2.1880000e+03   2.1800000e+00
   2.1882000e+03   2.2060000e+00
   2.1883000e+03   2.2090000e+00
   2.1885000e+03   2.1790000e+00
   2.1886000e+03   2.1630000e+00
   2.1888000e+03   2.1560000e+00
   2.1889000e+03   2.1720000e+00
   2.1891000e+03   2.1740000e+00
   2.1892000e+03   2.1710000e+00
   2.1894000e+03   2.1740000e+00
   2.1895000e+03   2.1810000e+00
   2.1897000e+03   2.1900000e+00
   2.1898000e+03   2.1760000e+00
   2.1900000e+03   2.1510000e+00
   2.1901000e+03   2.1460000e+00
   2.1903000e+03   2.1470000e+00
   2.1904000e+03   2.1680000e+00
   2.1906000e+03   2.1940000e+00
   2.1907000e+03   2.2080000e+00
   2.1909000e+03   2.2000000e+00
   2.1911000e+03   2.1950000e+00
   2.1912000e+03   2.2030000e+00
   2.1914000e+03   2.2120000e+00
   2.1915000e+03   2.2380000e+00
   2.1917000e+03   2.2580000e+00
   2.1918000e+03   2.2620000e+00
   2.1920000e+03   2.2180000e+00
   2.1921000e+03   2.1970000e+00
   2.1923000e+03   2.1960000e+00
   2.1924000e+03   2.1620000e+00
   2.1926000e+03   2.1650000e+00
   2.1927000e+03   2.1710000e+00
   2.1929000e+03   2.1770000e+00
   2.1930000e+03   2.1770000e+00
   2.1932000e+03   2.1710000e+00
   2.1933000e+03   2.1720000e+00
   2.1935000e+03   2.1740000e+00
   2.1936000e+03   2.1810000e+00
   2.1938000e+03   2.1880000e+00
   2.1939000e+03   2.2130000e+00
   2.1941000e+03   2.2500000e+00
   2.1943000e+03   2.2830000e+00
   2.1944000e+03   2.2970000e+00
   2.1946000e+03   2.2800000e+00
   2.1947000e+03   2.2590000e+00
   2.1949000e+03   2.2560000e+00
   2.1950000e+03   2.2620000e+00
   2.1952000e+03   2.2650000e+00
   2.1953000e+03   2.2510000e+00
   2.1955000e+03   2.2380000e+00
   2.1956000e+03   2.2230000e+00
   2.1958000e+03   2.2020000e+00
   2.1959000e+03   2.1940000e+00
   2.1961000e+03   2.2060000e+00
   2.1962000e+03   2.2130000e+00
   2.1964000e+03   2.1990000e+00
   2.1965000e+03   2.1810000e+00
   2.1967000e+03   2.1610000e+00
   2.1969000e+03   2.1570000e+00
   2.1970000e+03   2.1440000e+00
   2.1971000e+03   2.1290000e+00
   2.1973000e+03   2.1250000e+00
   2.1975000e+03   2.1400000e+00
   2.1976000e+03   2.1500000e+00
   2.1978000e+03   2.1530000e+00
   2.1979000e+03   2.1820000e+00
   2.1981000e+03   2.2030000e+00
   2.1982000e+03   2.2290000e+00
   2.1984000e+03   2.2500000e+00
   2.1985000e+03   2.2500000e+00
   2.1987000e+03   2.2400000e+00
   2.1988000e+03   2.2200000e+00
   2.1990000e+03   2.2030000e+00
   2.1991000e+03   2.2300000e+00
   2.1993000e+03   2.2220000e+00
   2.1994000e+03   2.2160000e+00
   2.1996000e+03   2.2070000e+00
   2.1997000e+03   2.1890000e+00
   2.1999000e+03   2.2200000e+00
   2.2001000e+03   2.2380000e+00
   2.2002000e+03   2.2140000e+00
   2.2004000e+03   2.2190000e+00
   2.2005000e+03   2.2110000e+00
   2.2007000e+03   2.1820000e+00
   2.2008000e+03   2.1790000e+00
   2.2010000e+03   2.1850000e+00
   2.2011000e+03   2.1880000e+00
   2.2013000e+03   2.1980000e+00
   2.2014000e+03   2.1870000e+00
   2.2016000e+03   2.1950000e+00
   2.2017000e+03   2.2000000e+00
   2.2019000e+03   2.1940000e+00
   2.2020000e+03   2.2140000e+00
   2.2022000e+03   2.2140000e+00
   2.2023000e+03   2.2070000e+00
   2.2025000e+03   2.2130000e+00
   2.2026000e+03   2.2260000e+00
   2.2028000e+03   2.2290000e+00
   2.2029000e+03   2.2130000e+00
   2.2031000e+03   2.2080000e+00
   2.2032000e+03   2.2020000e+00
   2.2034000e+03   2.1970000e+00
   2.2036000e+03   2.1890000e+00
   2.2037000e+03   2.1810000e+00
   2.2039000e+03   2.1720000e+00
   2.2040000e+03   2.1960000e+00
   2.2042000e+03   2.1970000e+00
   2.2043000e+03   2.2050000e+00
   2.2045000e+03   2.2150000e+00
   2.2046000e+03   2.2360000e+00
   2.2048000e+03   2.2420000e+00
   2.2049000e+03   2.2290000e+00
   2.2051000e+03   2.2280000e+00
   2.2052000e+03   2.2170000e+00
   2.2054000e+03   2.2070000e+00
   2.2055000e+03   2.2000000e+00
   2.2057000e+03   2.2030000e+00
   2.2058000e+03   2.2090000e+00
   2.2060000e+03   2.2150000e+00
   2.2061000e+03   2.2220000e+00
   2.2063000e+03   2.2020000e+00
   2.2064000e+03   2.1980000e+00
   2.2066000e+03   2.2030000e+00
   2.2068000e+03   2.2420000e+00
   2.2069000e+03   2.2560000e+00
   2.2071000e+03   2.2400000e+00
   2.2072000e+03   2.2100000e+00
   2.2074000e+03   2.1900000e+00
   2.2075000e+03   2.1520000e+00
   2.2077000e+03   2.1260000e+00
   2.2078000e+03   2.1250000e+00
   2.2080000e+03   2.1410000e+00
   2.2081000e+03   2.1470000e+00
   2.2083000e+03   2.1440000e+00
   2.2084000e+03   2.1560000e+00
   2.2086000e+03   2.1460000e+00
   2.2087000e+03   2.1900000e+00
   2.2089000e+03   2.2150000e+00
   2.2090000e+03   2.2000000e+00
   2.2092000e+03   2.1890000e+00
   2.2093000e+03   2.2020000e+00
   2.2095000e+03   2.2120000e+00
   2.2096000e+03   2.2170000e+00
   2.2098000e+03   2.2270000e+00
   2.2099000e+03   2.2380000e+00
   2.2101000e+03   2.2610000e+00
   2.2103000e+03   2.2790000e+00
   2.2104000e+03   2.2470000e+00
   2.2106000e+03   2.2190000e+00
   2.2107000e+03   2.2030000e+00
   2.2109000e+03   2.1940000e+00
   2.2110000e+03   2.1930000e+00
   2.2112000e+03   2.1960000e+00
   2.2113000e+03   2.2040000e+00
   2.2115000e+03   2.2330000e+00
   2.2116000e+03   2.2540000e+00
   2.2118000e+03   2.2640000e+00
   2.2119000e+03   2.2440000e+00
   2.2121000e+03   2.2050000e+00
   2.2122000e+03   2.1630000e+00
   2.2124000e+03   2.1560000e+00
   2.2125000e+03   2.1830000e+00
   2.2127000e+03   2.2120000e+00
   2.2129000e+03   2.2470000e+00
   2.2130000e+03   2.2400000e+00
   2.2131000e+03   2.2510000e+00
   2.2133000e+03   2.2620000e+00
   2.2135000e+03   2.2570000e+00
   2.2136000e+03   2.2350000e+00
   2.2138000e+03   2.2310000e+00
   2.2139000e+03   2.2610000e+00
   2.2141000e+03   2.2810000e+00
   2.2142000e+03   2.2690000e+00
   2.2144000e+03   2.2280000e+00
   2.2145000e+03   2.1950000e+00
   2.2147000e+03   2.1860000e+00
   2.2148000e+03   2.1980000e+00
   2.2150000e+03   2.2280000e+00
   2.2151000e+03   2.2160000e+00
   2.2153000e+03   2.1880000e+00
   2.2154000e+03   2.1850000e+00
   2.2156000e+03   2.1760000e+00
   2.2157000e+03   2.1740000e+00
   2.2159000e+03   2.1710000e+00
   2.2161000e+03   2.1870000e+00
   2.2162000e+03   2.2160000e+00
   2.2164000e+03   2.2390000e+00
   2.2165000e+03   2.2650000e+00
   2.2167000e+03   2.2520000e+00
   2.2168000e+03   2.2280000e+00
   2.2170000e+03   2.2020000e+00
   2.2171000e+03   2.1980000e+00
   2.2173000e+03   2.2210000e+00
   2.2174000e+03   2.2370000e+00
   2.2176000e+03   2.2260000e+00
   2.2177000e+03   2.1850000e+00
   2.2179000e+03   2.1500000e+00
   2.2180000e+03   2.1400000e+00
   2.2182000e+03   2.1570000e+00
   2.2183000e+03   2.1800000e+00
   2.2185000e+03   2.1920000e+00
   2.2186000e+03   2.1820000e+00
   2.2188000e+03   2.2060000e+00
   2.2189000e+03   2.1960000e+00
   2.2191000e+03   2.1530000e+00
   2.2193000e+03   2.1350000e+00
   2.2194000e+03   2.1500000e+00
   2.2196000e+03   2.1580000e+00
   2.2197000e+03   2.1570000e+00
   2.2199000e+03   2.1620000e+00
   2.2200000e+03   2.1800000e+00
   2.2202000e+03   2.1900000e+00
   2.2203000e+03   2.1990000e+00
   2.2205000e+03   2.1780000e+00
   2.2206000e+03   2.1760000e+00
   2.2208000e+03   2.1690000e+00
   2.2209000e+03   2.1680000e+00
   2.2211000e+03   2.1420000e+00
   2.2212000e+03   2.1540000e+00
   2.2214000e+03   2.1700000e+00
   2.2215000e+03   2.1880000e+00
   2.2217000e+03   2.2010000e+00
   2.2218000e+03   2.1940000e+00
   2.2220000e+03   2.1690000e+00
   2.2221000e+03   2.1500000e+00
   2.2223000e+03   2.1490000e+00
   2.2224000e+03   2.1670000e+00
   2.2226000e+03   2.2030000e+00
   2.2227000e+03   2.2310000e+00
   2.2229000e+03   2.2370000e+00
   2.2231000e+03   2.2190000e+00
   2.2232000e+03   2.1900000e+00
   2.2234000e+03   2.1470000e+00
   2.2235000e+03   2.1200000e+00
   2.2237000e+03   2.1070000e+00
   2.2238000e+03   2.1070000e+00
   2.2240000e+03   2.1030000e+00
   2.2241000e+03   2.1000000e+00
   2.2243000e+03   2.0960000e+00
   2.2244000e+03   2.1050000e+00
   2.2246000e+03   2.1080000e+00
   2.2247000e+03   2.1140000e+00
   2.2249000e+03   2.1150000e+00
   2.2250000e+03   2.1230000e+00
   2.2252000e+03   2.1230000e+00
   2.2253000e+03   2.1310000e+00
   2.2255000e+03   2.1310000e+00
   2.2256000e+03   2.1420000e+00
   2.2258000e+03   2.1570000e+00
   2.2259000e+03   2.1760000e+00
   2.2261000e+03   2.1890000e+00
   2.2263000e+03   2.1910000e+00
   2.2264000e+03   2.1930000e+00
   2.2266000e+03   2.1990000e+00
   2.2267000e+03   2.1950000e+00
   2.2269000e+03   2.1860000e+00
   2.2270000e+03   2.1780000e+00
   2.2272000e+03   2.1700000e+00
   2.2273000e+03   2.1670000e+00
   2.2275000e+03   2.1860000e+00
   2.2276000e+03   2.2700000e+00
   2.2278000e+03   2.3780000e+00
   2.2279000e+03   2.4240000e+00
   2.2281000e+03   2.3200000e+00
   2.2282000e+03   2.2260000e+00
   2.2284000e+03   2.1670000e+00
   2.2286000e+03   2.1590000e+00
   2.2287000e+03   2.1560000e+00
   2.2289000e+03   2.1480000e+00
   2.2290000e+03   2.1430000e+00
   2.2291000e+03   2.1510000e+00
   2.2293000e+03   2.1660000e+00
   2.2295000e+03   2.1670000e+00
   2.2296000e+03   2.1770000e+00
   2.2298000e+03   2.1880000e+00
   2.2299000e+03   2.1900000e+00
   2.2301000e+03   2.1810000e+00
   2.2302000e+03   2.1540000e+00
   2.2304000e+03   2.1320000e+00
   2.2305000e+03   2.1260000e+00
   2.2307000e+03   2.1260000e+00
   2.2308000e+03   2.1300000e+00
   2.2310000e+03   2.1280000e+00
   2.2311000e+03   2.1210000e+00
   2.2313000e+03   2.1130000e+00
   2.2314000e+03   2.1280000e+00
   2.2316000e+03   2.1630000e+00
   2.2318000e+03   2.2050000e+00
   2.2319000e+03   2.2130000e+00
   2.2321000e+03   2.2080000e+00
   2.2322000e+03   2.2080000e+00
   2.2324000e+03   2.2120000e+00
   2.2325000e+03   2.1820000e+00
   2.2327000e+03   2.1500000e+00
   2.2328000e+03   2.1420000e+00
   2.2330000e+03   2.1590000e+00
   2.2331000e+03   2.1780000e+00
   2.2333000e+03   2.2060000e+00
   2.2334000e+03   2.2220000e+00
   2.2336000e+03   2.2380000e+00
   2.2337000e+03   2.2460000e+00
   2.2339000e+03   2.2340000e+00
   2.2340000e+03   2.2180000e+00
   2.2342000e+03   2.1780000e+00
   2.2343000e+03   2.1700000e+00
   2.2345000e+03   2.1420000e+00
   2.2346000e+03   2.1400000e+00
   2.2348000e+03   2.1520000e+00
   2.2349000e+03   2.1620000e+00
   2.2351000e+03   2.1640000e+00
   2.2352000e+03   2.1630000e+00
   2.2354000e+03   2.1730000e+00
   2.2356000e+03   2.1820000e+00
   2.2357000e+03   2.1900000e+00
   2.2359000e+03   2.1880000e+00
   2.2360000e+03   2.1750000e+00
   2.2362000e+03   2.1370000e+00
   2.2363000e+03   2.1050000e+00
   2.2365000e+03   2.0810000e+00
   2.2366000e+03   2.0820000e+00
   2.2368000e+03   2.0830000e+00
   2.2369000e+03   2.0840000e+00
   2.2371000e+03   2.0880000e+00
   2.2372000e+03   2.0940000e+00
   2.2374000e+03   2.0990000e+00
   2.2375000e+03   2.1080000e+00
   2.2377000e+03   2.1120000e+00
   2.2378000e+03   2.1130000e+00
   2.2380000e+03   2.1080000e+00
   2.2381000e+03   2.1060000e+00
   2.2383000e+03   2.1030000e+00
   2.2384000e+03   2.1100000e+00
   2.2386000e+03   2.1170000e+00
   2.2388000e+03   2.1310000e+00
   2.2389000e+03   2.1370000e+00
   2.2391000e+03   2.1400000e+00
   2.2392000e+03   2.1480000e+00
   2.2394000e+03   2.1650000e+00
   2.2395000e+03   2.1830000e+00
   2.2397000e+03   2.2170000e+00
   2.2398000e+03   2.2370000e+00
   2.2400000e+03   2.2480000e+00
   2.2401000e+03   2.2090000e+00
   2.2403000e+03   2.1540000e+00
   2.2404000e+03   2.1180000e+00
   2.2406000e+03   2.1120000e+00
   2.2407000e+03   2.1140000e+00
   2.2409000e+03   2.1180000e+00
   2.2410000e+03   2.1190000e+00
   2.2412000e+03   2.1260000e+00
   2.2414000e+03   2.1250000e+00
   2.2415000e+03   2.1330000e+00
   2.2416000e+03   2.1260000e+00
   2.2418000e+03   2.1210000e+00
   2.2420000e+03   2.1130000e+00
   2.2421000e+03   2.1160000e+00
   2.2423000e+03   2.1220000e+00
   2.2424000e+03   2.1330000e+00
   2.2426000e+03   2.1380000e+00
   2.2427000e+03   2.1350000e+00
   2.2429000e+03   2.1460000e+00
   2.2430000e+03   2.1700000e+00
   2.2432000e+03   2.2060000e+00
   2.2433000e+03   2.2140000e+00
   2.2435000e+03   2.1840000e+00
   2.2436000e+03   2.1420000e+00
   2.2438000e+03   2.1270000e+00
   2.2439000e+03   2.1270000e+00
   2.2441000e+03   2.1290000e+00
   2.2442000e+03   2.1210000e+00
   2.2444000e+03   2.1160000e+00
   2.2446000e+03   2.1130000e+00
   2.2447000e+03   2.1160000e+00
   2.2449000e+03   2.1180000e+00
   2.2450000e+03   2.1160000e+00
   2.2452000e+03   2.1200000e+00
   2.2453000e+03   2.1130000e+00
   2.2455000e+03   2.1260000e+00
   2.2456000e+03   2.1570000e+00
   2.2458000e+03   2.1880000e+00
   2.2459000e+03   2.2240000e+00
   2.2461000e+03   2.2410000e+00
   2.2462000e+03   2.2490000e+00
   2.2464000e+03   2.2520000e+00
   2.2465000e+03   2.2520000e+00
   2.2467000e+03   2.2120000e+00
   2.2468000e+03   2.1550000e+00
   2.2470000e+03   2.1300000e+00
   2.2471000e+03   2.1830000e+00
   2.2473000e+03   2.2520000e+00
   2.2474000e+03   2.3300000e+00
   2.2476000e+03   2.3760000e+00
   2.2477000e+03   2.3830000e+00
   2.2479000e+03   2.3530000e+00
   2.2481000e+03   2.3160000e+00
   2.2482000e+03   2.2800000e+00
   2.2484000e+03   2.2740000e+00
   2.2485000e+03   2.2680000e+00
   2.2487000e+03   2.2700000e+00
   2.2488000e+03   2.2600000e+00
   2.2490000e+03   2.2310000e+00
   2.2491000e+03   2.2380000e+00
   2.2493000e+03   2.2390000e+00
   2.2494000e+03   2.2190000e+00
   2.2496000e+03   2.2280000e+00
   2.2497000e+03   2.2320000e+00
   2.2499000e+03   2.2230000e+00
   2.2500000e+03   2.1900000e+00
   2.2502000e+03   2.1550000e+00
   2.2503000e+03   2.1350000e+00
   2.2505000e+03   2.1300000e+00
   2.2506000e+03   2.1280000e+00
   2.2508000e+03   2.1230000e+00
   2.2509000e+03   2.1190000e+00
   2.2511000e+03   2.1180000e+00
   2.2512000e+03   2.1190000e+00
   2.2514000e+03   2.1170000e+00
   2.2516000e+03   2.1180000e+00
   2.2517000e+03   2.1180000e+00
   2.2519000e+03   2.1140000e+00
   2.2520000e+03   2.1470000e+00
   2.2522000e+03   2.2290000e+00
   2.2523000e+03   2.3040000e+00
   2.2525000e+03   2.3140000e+00
   2.2526000e+03   2.2650000e+00
   2.2528000e+03   2.2590000e+00
   2.2529000e+03   2.2760000e+00
   2.2531000e+03   2.2770000e+00
   2.2532000e+03   2.2320000e+00
   2.2534000e+03   2.1790000e+00
   2.2535000e+03   2.1460000e+00
   2.2537000e+03   2.1340000e+00
   2.2538000e+03   2.1380000e+00
   2.2540000e+03   2.1360000e+00
   2.2541000e+03   2.1310000e+00
   2.2543000e+03   2.1340000e+00
   2.2544000e+03   2.1440000e+00
   2.2546000e+03   2.1550000e+00
   2.2548000e+03   2.1570000e+00
   2.2549000e+03   2.1530000e+00
   2.2551000e+03   2.1390000e+00
   2.2552000e+03   2.1410000e+00
   2.2554000e+03   2.1500000e+00
   2.2555000e+03   2.1600000e+00
   2.2557000e+03   2.1580000e+00
   2.2558000e+03   2.1580000e+00
   2.2560000e+03   2.1590000e+00
   2.2561000e+03   2.1580000e+00
   2.2563000e+03   2.1620000e+00
   2.2564000e+03   2.1530000e+00
   2.2566000e+03   2.1570000e+00
   2.2567000e+03   2.1490000e+00
   2.2569000e+03   2.1430000e+00
   2.2570000e+03   2.1420000e+00
   2.2572000e+03   2.1410000e+00
   2.2574000e+03   2.1460000e+00
   2.2575000e+03   2.1450000e+00
   2.2576000e+03   2.1490000e+00
   2.2578000e+03   2.1510000e+00
   2.2580000e+03   2.1700000e+00
   2.2581000e+03   2.1910000e+00
   2.2583000e+03   2.2150000e+00
   2.2584000e+03   2.2340000e+00
   2.2586000e+03   2.2640000e+00
   2.2587000e+03   2.2680000e+00
   2.2589000e+03   2.2520000e+00
   2.2590000e+03   2.2170000e+00
   2.2592000e+03   2.2000000e+00
   2.2593000e+03   2.1940000e+00
   2.2595000e+03   2.1960000e+00
   2.2596000e+03   2.1910000e+00
   2.2598000e+03   2.1760000e+00
   2.2599000e+03   2.1590000e+00
   2.2601000e+03   2.1470000e+00
   2.2602000e+03   2.1400000e+00
   2.2604000e+03   2.1240000e+00
   2.2606000e+03   2.1070000e+00
   2.2607000e+03   2.0930000e+00
   2.2609000e+03   2.0890000e+00
   2.2610000e+03   2.0960000e+00
   2.2612000e+03   2.1140000e+00
   2.2613000e+03   2.1400000e+00
   2.2615000e+03   2.1560000e+00
   2.2616000e+03   2.1740000e+00
   2.2618000e+03   2.1920000e+00
   2.2619000e+03   2.1920000e+00
   2.2621000e+03   2.2000000e+00
   2.2622000e+03   2.2380000e+00
   2.2624000e+03   2.2800000e+00
   2.2625000e+03   2.2860000e+00
   2.2627000e+03   2.2540000e+00
   2.2628000e+03   2.2120000e+00
   2.2630000e+03   2.1860000e+00
   2.2631000e+03   2.1670000e+00
   2.2633000e+03   2.1650000e+00
   2.2634000e+03   2.1690000e+00
   2.2636000e+03   2.1720000e+00
   2.2637000e+03   2.1790000e+00
   2.2639000e+03   2.1990000e+00
   2.2641000e+03   2.2060000e+00
   2.2642000e+03   2.2140000e+00
   2.2644000e+03   2.2110000e+00
   2.2645000e+03   2.2100000e+00
   2.2647000e+03   2.2020000e+00
   2.2648000e+03   2.1960000e+00
   2.2650000e+03   2.1900000e+00
   2.2651000e+03   2.1910000e+00
   2.2653000e+03   2.1940000e+00
   2.2654000e+03   2.2050000e+00
   2.2656000e+03   2.2080000e+00
   2.2657000e+03   2.1980000e+00
   2.2659000e+03   2.1870000e+00
   2.2660000e+03   2.1760000e+00
   2.2662000e+03   2.1750000e+00
   2.2663000e+03   2.1760000e+00
   2.2665000e+03   2.1710000e+00
   2.2666000e+03   2.1690000e+00
   2.2668000e+03   2.1750000e+00
   2.2669000e+03   2.1780000e+00
   2.2671000e+03   2.1680000e+00
   2.2672000e+03   2.1690000e+00
   2.2674000e+03   2.1810000e+00
   2.2676000e+03   2.1960000e+00
   2.2677000e+03   2.2040000e+00
   2.2679000e+03   2.2090000e+00
   2.2680000e+03   2.2040000e+00
   2.2682000e+03   2.1950000e+00
   2.2683000e+03   2.1870000e+00
   2.2685000e+03   2.1760000e+00
   2.2686000e+03   2.1710000e+00
   2.2688000e+03   2.1750000e+00
   2.2689000e+03   2.1760000e+00
   2.2691000e+03   2.1770000e+00
   2.2692000e+03   2.1790000e+00
   2.2694000e+03   2.1830000e+00
   2.2695000e+03   2.1900000e+00
   2.2697000e+03   2.1920000e+00
   2.2699000e+03   2.1840000e+00
   2.2700000e+03   2.1790000e+00
   2.2701000e+03   2.1730000e+00
   2.2703000e+03   2.1750000e+00
   2.2705000e+03   2.1790000e+00
   2.2706000e+03   2.1870000e+00
   2.2708000e+03   2.2000000e+00
   2.2709000e+03   2.2390000e+00
   2.2711000e+03   2.2640000e+00
   2.2712000e+03   2.2510000e+00
   2.2714000e+03   2.2090000e+00
   2.2715000e+03   2.1790000e+00
   2.2717000e+03   2.1820000e+00
   2.2718000e+03   2.1890000e+00
   2.2720000e+03   2.1920000e+00
   2.2721000e+03   2.1770000e+00
   2.2723000e+03   2.1730000e+00
   2.2724000e+03   2.1820000e+00
   2.2726000e+03   2.2010000e+00
   2.2727000e+03   2.1940000e+00
   2.2729000e+03   2.1750000e+00
   2.2731000e+03   2.1680000e+00
   2.2732000e+03   2.1790000e+00
   2.2734000e+03   2.1840000e+00
   2.2735000e+03   2.1860000e+00
   2.2737000e+03   2.1880000e+00
   2.2738000e+03   2.1940000e+00
   2.2740000e+03   2.2240000e+00
   2.2741000e+03   2.2560000e+00
   2.2743000e+03   2.2890000e+00
   2.2744000e+03   2.2860000e+00
   2.2746000e+03   2.2500000e+00
   2.2747000e+03   2.2220000e+00
   2.2749000e+03   2.2200000e+00
   2.2750000e+03   2.2230000e+00
   2.2752000e+03   2.2080000e+00
   2.2753000e+03   2.1830000e+00
   2.2755000e+03   2.1680000e+00
   2.2756000e+03   2.1670000e+00
   2.2758000e+03   2.1640000e+00
   2.2759000e+03   2.1600000e+00
   2.2761000e+03   2.1590000e+00
   2.2762000e+03   2.1690000e+00
   2.2764000e+03   2.1870000e+00
   2.2766000e+03   2.1970000e+00
   2.2767000e+03   2.1970000e+00
   2.2769000e+03   2.1920000e+00
   2.2770000e+03   2.1950000e+00
   2.2772000e+03   2.2010000e+00
   2.2773000e+03   2.2070000e+00
   2.2775000e+03   2.2000000e+00
   2.2776000e+03   2.2020000e+00
   2.2778000e+03   2.2040000e+00
   2.2779000e+03   2.2050000e+00
   2.2781000e+03   2.2080000e+00
   2.2782000e+03   2.2400000e+00
   2.2784000e+03   2.2810000e+00
   2.2785000e+03   2.3030000e+00
   2.2787000e+03   2.2630000e+00
   2.2788000e+03   2.2250000e+00
   2.2790000e+03   2.1980000e+00
   2.2791000e+03   2.1990000e+00
   2.2793000e+03   2.2010000e+00
   2.2794000e+03   2.1970000e+00
   2.2796000e+03   2.1960000e+00
   2.2797000e+03   2.1960000e+00
   2.2799000e+03   2.2060000e+00
   2.2801000e+03   2.2060000e+00
   2.2802000e+03   2.2010000e+00
   2.2804000e+03   2.1990000e+00
   2.2805000e+03   2.2130000e+00
   2.2807000e+03   2.2340000e+00
   2.2808000e+03   2.2560000e+00
   2.2810000e+03   2.2650000e+00
   2.2811000e+03   2.2700000e+00
   2.2813000e+03   2.2620000e+00
   2.2814000e+03   2.2390000e+00
   2.2816000e+03   2.2140000e+00
   2.2817000e+03   2.2080000e+00
   2.2819000e+03   2.2290000e+00
   2.2820000e+03   2.2320000e+00
   2.2822000e+03   2.2190000e+00
   2.2823000e+03   2.2000000e+00
   2.2825000e+03   2.2000000e+00
   2.2826000e+03   2.2030000e+00
   2.2828000e+03   2.2150000e+00
   2.2829000e+03   2.2340000e+00
   2.2831000e+03   2.2470000e+00
   2.2833000e+03   2.2370000e+00
   2.2834000e+03   2.2230000e+00
   2.2836000e+03   2.2080000e+00
   2.2837000e+03   2.2180000e+00
   2.2839000e+03   2.2380000e+00
   2.2840000e+03   2.2720000e+00
   2.2842000e+03   2.2820000e+00
   2.2843000e+03   2.2870000e+00
   2.2845000e+03   2.2730000e+00
   2.2846000e+03   2.2510000e+00
   2.2848000e+03   2.2230000e+00
   2.2849000e+03   2.2030000e+00
   2.2851000e+03   2.2070000e+00
   2.2852000e+03   2.2120000e+00
   2.2854000e+03   2.2210000e+00
   2.2855000e+03   2.2250000e+00
   2.2857000e+03   2.2270000e+00
   2.2859000e+03   2.2310000e+00
   2.2860000e+03   2.2260000e+00
   2.2861000e+03   2.2270000e+00
   2.2863000e+03   2.2250000e+00
   2.2865000e+03   2.2390000e+00
   2.2866000e+03   2.2600000e+00
   2.2868000e+03   2.2910000e+00
   2.2869000e+03   2.3330000e+00
   2.2871000e+03   2.3360000e+00
   2.2872000e+03   2.3370000e+00
   2.2874000e+03   2.3190000e+00
   2.2875000e+03   2.3160000e+00
   2.2877000e+03   2.2800000e+00
   2.2878000e+03   2.2510000e+00
   2.2880000e+03   2.2330000e+00
   2.2881000e+03   2.2200000e+00
   2.2883000e+03   2.2140000e+00
   2.2884000e+03   2.2040000e+00
   2.2886000e+03   2.2070000e+00
   2.2887000e+03   2.2160000e+00
   2.2889000e+03   2.2250000e+00
   2.2891000e+03   2.2280000e+00
   2.2892000e+03   2.2060000e+00
   2.2894000e+03   2.1930000e+00
   2.2895000e+03   2.1960000e+00
   2.2897000e+03   2.2380000e+00
   2.2898000e+03   2.2800000e+00
   2.2900000e+03   2.2760000e+00
   2.2901000e+03   2.2270000e+00
   2.2903000e+03   2.1910000e+00
   2.2904000e+03   2.1920000e+00
   2.2906000e+03   2.1960000e+00
   2.2907000e+03   2.1930000e+00
   2.2909000e+03   2.1880000e+00
   2.2910000e+03   2.1860000e+00
   2.2912000e+03   2.1880000e+00
   2.2913000e+03   2.1890000e+00
   2.2915000e+03   2.1870000e+00
   2.2916000e+03   2.1870000e+00
   2.2918000e+03   2.1880000e+00
   2.2919000e+03   2.1900000e+00
   2.2921000e+03   2.1890000e+00
   2.2923000e+03   2.2230000e+00
   2.2924000e+03   2.2760000e+00
   2.2926000e+03   2.3120000e+00
   2.2927000e+03   2.3050000e+00
   2.2929000e+03   2.2790000e+00
   2.2930000e+03   2.2670000e+00
   2.2932000e+03   2.2730000e+00
   2.2933000e+03   2.2770000e+00
   2.2935000e+03   2.2630000e+00
   2.2936000e+03   2.2380000e+00
   2.2938000e+03   2.2080000e+00
   2.2939000e+03   2.2030000e+00
   2.2941000e+03   2.2040000e+00
   2.2942000e+03   2.2090000e+00
   2.2944000e+03   2.2050000e+00
   2.2945000e+03   2.2090000e+00
   2.2947000e+03   2.2050000e+00
   2.2948000e+03   2.2030000e+00
   2.2950000e+03   2.1990000e+00
   2.2951000e+03   2.1990000e+00
   2.2953000e+03   2.1990000e+00
   2.2954000e+03   2.1950000e+00
   2.2956000e+03   2.1890000e+00
   2.2957000e+03   2.1990000e+00
   2.2959000e+03   2.2040000e+00
   2.2961000e+03   2.2030000e+00
   2.2962000e+03   2.1940000e+00
   2.2964000e+03   2.2000000e+00
   2.2965000e+03   2.2030000e+00
   2.2967000e+03   2.2040000e+00
   2.2968000e+03   2.2080000e+00
   2.2970000e+03   2.2040000e+00
   2.2971000e+03   2.2030000e+00
   2.2973000e+03   2.1950000e+00
   2.2974000e+03   2.2090000e+00
   2.2976000e+03   2.2130000e+00
   2.2977000e+03   2.2230000e+00
   2.2979000e+03   2.1900000e+00
   2.2980000e+03   2.1690000e+00
   2.2982000e+03   2.1530000e+00
   2.2983000e+03   2.1600000e+00
   2.2985000e+03   2.1560000e+00
   2.2986000e+03   2.1690000e+00
   2.2988000e+03   2.2030000e+00
   2.2989000e+03   2.2740000e+00
   2.2991000e+03   2.3230000e+00
   2.2993000e+03   2.3430000e+00
   2.2994000e+03   2.3130000e+00
   2.2996000e+03   2.2920000e+00
   2.2997000e+03   2.2590000e+00
   2.2999000e+03   2.2200000e+00
   2.3000000e+03   2.1870000e+00
   2.3002000e+03   2.1720000e+00
   2.3003000e+03   2.1730000e+00
   2.3005000e+03   2.1720000e+00
   2.3006000e+03   2.1780000e+00
   2.3008000e+03   2.1850000e+00
   2.3009000e+03   2.1990000e+00
   2.3011000e+03   2.2020000e+00
   2.3012000e+03   2.2100000e+00
   2.3014000e+03   2.2220000e+00
   2.3015000e+03   2.2530000e+00
   2.3017000e+03   2.2740000e+00
   2.3019000e+03   2.2600000e+00
   2.3020000e+03   2.2260000e+00
   2.3021000e+03   2.2000000e+00
   2.3023000e+03   2.1900000e+00
   2.3025000e+03   2.1870000e+00
   2.3026000e+03   2.1900000e+00
   2.3028000e+03   2.1900000e+00
   2.3029000e+03   2.1800000e+00
   2.3031000e+03   2.1690000e+00
   2.3032000e+03   2.1600000e+00
   2.3034000e+03   2.1680000e+00
   2.3035000e+03   2.2000000e+00
   2.3037000e+03   2.2520000e+00
   2.3038000e+03   2.3150000e+00
   2.3040000e+03   2.3450000e+00
   2.3041000e+03   2.3310000e+00
   2.3043000e+03   2.2640000e+00
   2.3044000e+03   2.2100000e+00
   2.3046000e+03   2.1830000e+00
   2.3047000e+03   2.1890000e+00
   2.3049000e+03   2.1910000e+00
   2.3051000e+03   2.1910000e+00
   2.3052000e+03   2.1820000e+00
   2.3054000e+03   2.1880000e+00
   2.3055000e+03   2.1880000e+00
   2.3057000e+03   2.1910000e+00
   2.3058000e+03   2.1920000e+00
   2.3060000e+03   2.1950000e+00
   2.3061000e+03   2.1920000e+00
   2.3063000e+03   2.1820000e+00
   2.3064000e+03   2.1840000e+00
   2.3066000e+03   2.1840000e+00
   2.3067000e+03   2.1880000e+00
   2.3069000e+03   2.1930000e+00
   2.3070000e+03   2.1970000e+00
   2.3072000e+03   2.1960000e+00
   2.3073000e+03   2.1970000e+00
   2.3075000e+03   2.1930000e+00
   2.3076000e+03   2.1900000e+00
   2.3078000e+03   2.1840000e+00
   2.3079000e+03   2.1850000e+00
   2.3081000e+03   2.1860000e+00
   2.3083000e+03   2.1950000e+00
   2.3084000e+03   2.1990000e+00
   2.3086000e+03   2.2020000e+00
   2.3087000e+03   2.1990000e+00
   2.3089000e+03   2.1960000e+00
   2.3090000e+03   2.1940000e+00
   2.3092000e+03   2.1910000e+00
   2.3093000e+03   2.1860000e+00
   2.3095000e+03   2.1950000e+00
   2.3096000e+03   2.2160000e+00
   2.3098000e+03   2.2240000e+00
   2.3099000e+03   2.2120000e+00
   2.3101000e+03   2.1870000e+00
   2.3102000e+03   2.1790000e+00
   2.3104000e+03   2.1810000e+00
   2.3105000e+03   2.1840000e+00
   2.3107000e+03   2.1810000e+00
   2.3108000e+03   2.1880000e+00
   2.3110000e+03   2.1880000e+00
   2.3111000e+03   2.1870000e+00
   2.3113000e+03   2.1870000e+00
   2.3114000e+03   2.1770000e+00
   2.3116000e+03   2.1790000e+00
   2.3118000e+03   2.1850000e+00
   2.3119000e+03   2.1890000e+00
   2.3121000e+03   2.1840000e+00
   2.3122000e+03   2.1760000e+00
   2.3124000e+03   2.1690000e+00
   2.3125000e+03   2.1660000e+00
   2.3127000e+03   2.1780000e+00
   2.3128000e+03   2.1840000e+00
   2.3130000e+03   2.1820000e+00
   2.3131000e+03   2.1840000e+00
   2.3133000e+03   2.1910000e+00
   2.3134000e+03   2.1990000e+00
   2.3136000e+03   2.2040000e+00
   2.3137000e+03   2.2100000e+00
   2.3139000e+03   2.2080000e+00
   2.3140000e+03   2.2050000e+00
   2.3142000e+03   2.2030000e+00
   2.3144000e+03   2.2000000e+00
   2.3145000e+03   2.1960000e+00
   2.3146000e+03   2.1960000e+00
   2.3148000e+03   2.1950000e+00
   2.3150000e+03   2.1920000e+00
   2.3151000e+03   2.1900000e+00
   2.3153000e+03   2.1940000e+00
   2.3154000e+03   2.1980000e+00
   2.3156000e+03   2.1970000e+00
   2.3157000e+03   2.1930000e+00
   2.3159000e+03   2.1960000e+00
   2.3160000e+03   2.2030000e+00
   2.3162000e+03   2.2060000e+00
   2.3163000e+03   2.2100000e+00
   2.3165000e+03   2.2100000e+00
   2.3166000e+03   2.2120000e+00
   2.3168000e+03   2.2030000e+00
   2.3169000e+03   2.2020000e+00
   2.3171000e+03   2.1960000e+00
   2.3172000e+03   2.1970000e+00
   2.3174000e+03   2.1880000e+00
   2.3176000e+03   2.1940000e+00
   2.3177000e+03   2.1940000e+00
   2.3179000e+03   2.2020000e+00
   2.3180000e+03   2.2010000e+00
   2.3182000e+03   2.2060000e+00
   2.3183000e+03   2.2040000e+00
   2.3185000e+03   2.2010000e+00
   2.3186000e+03   2.1890000e+00
   2.3188000e+03   2.1850000e+00
   2.3189000e+03   2.1820000e+00
   2.3191000e+03   2.1920000e+00
   2.3192000e+03   2.1920000e+00
   2.3194000e+03   2.1950000e+00
   2.3195000e+03   2.1980000e+00
   2.3197000e+03   2.1990000e+00
   2.3198000e+03   2.2000000e+00
   2.3200000e+03   2.2000000e+00
   2.3201000e+03   2.2030000e+00
   2.3203000e+03   2.2110000e+00
   2.3204000e+03   2.2100000e+00
   2.3206000e+03   2.2140000e+00
   2.3207000e+03   2.2050000e+00
   2.3209000e+03   2.1970000e+00
   2.3211000e+03   2.1780000e+00
   2.3212000e+03   2.1730000e+00
   2.3214000e+03   2.1770000e+00
   2.3215000e+03   2.1950000e+00
   2.3217000e+03   2.2030000e+00
   2.3218000e+03   2.2070000e+00
   2.3220000e+03   2.2090000e+00
   2.3221000e+03   2.2160000e+00
   2.3223000e+03   2.2180000e+00
   2.3224000e+03   2.2090000e+00
   2.3226000e+03   2.1960000e+00
   2.3227000e+03   2.1870000e+00
   2.3229000e+03   2.1880000e+00
   2.3230000e+03   2.2010000e+00
   2.3232000e+03   2.2100000e+00
   2.3233000e+03   2.2200000e+00
   2.3235000e+03   2.2340000e+00
   2.3236000e+03   2.2360000e+00
   2.3238000e+03   2.2200000e+00
   2.3239000e+03   2.2000000e+00
   2.3241000e+03   2.2160000e+00
   2.3243000e+03   2.2580000e+00
   2.3244000e+03   2.3000000e+00
   2.3246000e+03   2.3050000e+00
   2.3247000e+03   2.3170000e+00
   2.3249000e+03   2.2900000e+00
   2.3250000e+03   2.2600000e+00
   2.3252000e+03   2.2250000e+00
   2.3253000e+03   2.2050000e+00
   2.3255000e+03   2.1970000e+00
   2.3256000e+03   2.2000000e+00
   2.3258000e+03   2.2030000e+00
   2.3259000e+03   2.2030000e+00
   2.3261000e+03   2.2070000e+00
   2.3262000e+03   2.2010000e+00
   2.3264000e+03   2.1940000e+00
   2.3265000e+03   2.2030000e+00
   2.3267000e+03   2.2370000e+00
   2.3268000e+03   2.3060000e+00
   2.3270000e+03   2.3310000e+00
   2.3271000e+03   2.3270000e+00
   2.3273000e+03   2.3270000e+00
   2.3274000e+03   2.3390000e+00
   2.3276000e+03   2.3500000e+00
   2.3278000e+03   2.3500000e+00
   2.3279000e+03   2.3400000e+00
   2.3281000e+03   2.3400000e+00
   2.3282000e+03   2.3350000e+00
   2.3284000e+03   2.3140000e+00
   2.3285000e+03   2.2800000e+00
   2.3287000e+03   2.2450000e+00
   2.3288000e+03   2.2030000e+00
   2.3290000e+03   2.1710000e+00
   2.3291000e+03   2.1660000e+00
   2.3293000e+03   2.1690000e+00
   2.3294000e+03   2.1680000e+00
   2.3296000e+03   2.1680000e+00
   2.3297000e+03   2.1680000e+00
   2.3299000e+03   2.1750000e+00
   2.3300000e+03   2.1780000e+00
   2.3302000e+03   2.1840000e+00
   2.3304000e+03   2.1810000e+00
   2.3305000e+03   2.1820000e+00
   2.3306000e+03   2.1830000e+00
   2.3308000e+03   2.1820000e+00
   2.3310000e+03   2.1950000e+00
   2.3311000e+03   2.2010000e+00
   2.3313000e+03   2.2070000e+00
   2.3314000e+03   2.2080000e+00
   2.3316000e+03   2.2030000e+00
   2.3317000e+03   2.2040000e+00
   2.3319000e+03   2.2100000e+00
   2.3320000e+03   2.2210000e+00
   2.3322000e+03   2.2270000e+00
   2.3323000e+03   2.2310000e+00
   2.3325000e+03   2.2370000e+00
   2.3326000e+03   2.2460000e+00
   2.3328000e+03   2.2490000e+00
   2.3329000e+03   2.2590000e+00
   2.3331000e+03   2.2730000e+00
   2.3332000e+03   2.3020000e+00
   2.3334000e+03   2.3090000e+00
   2.3336000e+03   2.3300000e+00
   2.3337000e+03   2.3280000e+00
   2.3339000e+03   2.3340000e+00
   2.3340000e+03   2.2960000e+00
   2.3342000e+03   2.2520000e+00
   2.3343000e+03   2.2210000e+00
   2.3345000e+03   2.2120000e+00
   2.3346000e+03   2.2080000e+00
   2.3348000e+03   2.2100000e+00
   2.3349000e+03   2.2120000e+00
   2.3351000e+03   2.2110000e+00
   2.3352000e+03   2.2110000e+00
   2.3354000e+03   2.2160000e+00
   2.3355000e+03   2.2160000e+00
   2.3357000e+03   2.2150000e+00
   2.3358000e+03   2.2050000e+00
   2.3360000e+03   2.2030000e+00
   2.3361000e+03   2.1920000e+00
   2.3363000e+03   2.1870000e+00
   2.3364000e+03   2.1830000e+00
   2.3366000e+03   2.1900000e+00
   2.3367000e+03   2.1990000e+00
   2.3369000e+03   2.2060000e+00
   2.3371000e+03   2.2140000e+00
   2.3372000e+03   2.2280000e+00
   2.3374000e+03   2.2790000e+00
   2.3375000e+03   2.3380000e+00
   2.3377000e+03   2.4050000e+00
   2.3378000e+03   2.3630000e+00
   2.3380000e+03   2.2860000e+00
   2.3381000e+03   2.2140000e+00
   2.3383000e+03   2.1900000e+00
   2.3384000e+03   2.1860000e+00
   2.3386000e+03   2.1900000e+00
   2.3387000e+03   2.1950000e+00
   2.3389000e+03   2.2010000e+00
   2.3390000e+03   2.2110000e+00
   2.3392000e+03   2.2190000e+00
   2.3393000e+03   2.2510000e+00
   2.3395000e+03   2.2970000e+00
   2.3396000e+03   2.3540000e+00
   2.3398000e+03   2.3830000e+00
   2.3399000e+03   2.3740000e+00
   2.3401000e+03   2.3590000e+00
   2.3403000e+03   2.3350000e+00
   2.3404000e+03   2.3550000e+00
   2.3406000e+03   2.3670000e+00
   2.3407000e+03   2.3670000e+00
   2.3409000e+03   2.3350000e+00
   2.3410000e+03   2.2620000e+00
   2.3412000e+03   2.2300000e+00
   2.3413000e+03   2.2050000e+00
   2.3415000e+03   2.2140000e+00
   2.3416000e+03   2.2520000e+00
   2.3418000e+03   2.3070000e+00
   2.3419000e+03   2.3350000e+00
   2.3421000e+03   2.3430000e+00
   2.3422000e+03   2.3580000e+00
   2.3424000e+03   2.3400000e+00
   2.3425000e+03   2.3180000e+00
   2.3427000e+03   2.2840000e+00
   2.3429000e+03   2.2730000e+00
   2.3430000e+03   2.2390000e+00
   2.3431000e+03   2.2160000e+00
   2.3433000e+03   2.2010000e+00
   2.3434000e+03   2.2170000e+00
   2.3436000e+03   2.2330000e+00
   2.3438000e+03   2.2420000e+00
   2.3439000e+03   2.2370000e+00
   2.3441000e+03   2.2230000e+00
   2.3442000e+03   2.2210000e+00
   2.3444000e+03   2.2220000e+00
   2.3445000e+03   2.2210000e+00
   2.3447000e+03   2.2090000e+00
   2.3448000e+03   2.1960000e+00
   2.3450000e+03   2.1890000e+00
   2.3451000e+03   2.1870000e+00
   2.3453000e+03   2.1860000e+00
   2.3454000e+03   2.1860000e+00
   2.3456000e+03   2.1890000e+00
   2.3457000e+03   2.1890000e+00
   2.3459000e+03   2.1910000e+00
   2.3461000e+03   2.1860000e+00
   2.3462000e+03   2.1830000e+00
   2.3464000e+03   2.1810000e+00
   2.3465000e+03   2.1840000e+00
   2.3467000e+03   2.1870000e+00
   2.3468000e+03   2.1870000e+00
   2.3470000e+03   2.1900000e+00
   2.3471000e+03   2.1900000e+00
   2.3473000e+03   2.1940000e+00
   2.3474000e+03   2.1950000e+00
   2.3476000e+03   2.2020000e+00
   2.3477000e+03   2.2050000e+00
   2.3479000e+03   2.2130000e+00
   2.3480000e+03   2.2240000e+00
   2.3482000e+03   2.2610000e+00
   2.3483000e+03   2.3560000e+00
   2.3485000e+03   2.4400000e+00
   2.3486000e+03   2.4400000e+00
   2.3488000e+03   2.3200000e+00
   2.3489000e+03   2.2270000e+00
   2.3491000e+03   2.1770000e+00
   2.3492000e+03   2.1770000e+00
   2.3494000e+03   2.1850000e+00
   2.3496000e+03   2.1890000e+00
   2.3497000e+03   2.2190000e+00
   2.3499000e+03   2.2570000e+00
   2.3500000e+03   2.3070000e+00
   2.3502000e+03   2.2950000e+00
   2.3503000e+03   2.2620000e+00
   2.3505000e+03   2.2270000e+00
   2.3506000e+03   2.2140000e+00
   2.3508000e+03   2.2040000e+00
   2.3509000e+03   2.2160000e+00
   2.3511000e+03   2.2440000e+00
   2.3512000e+03   2.2600000e+00
   2.3514000e+03   2.2480000e+00
   2.3515000e+03   2.2300000e+00
   2.3517000e+03   2.2180000e+00
   2.3518000e+03   2.2010000e+00
   2.3520000e+03   2.1780000e+00
   2.3521000e+03   2.1640000e+00
   2.3523000e+03   2.1640000e+00
   2.3524000e+03   2.1690000e+00
   2.3526000e+03   2.1760000e+00
   2.3527000e+03   2.1860000e+00
   2.3529000e+03   2.1930000e+00
   2.3531000e+03   2.1860000e+00
   2.3532000e+03   2.1840000e+00
   2.3534000e+03   2.1860000e+00
   2.3535000e+03   2.1940000e+00
   2.3537000e+03   2.1910000e+00
   2.3538000e+03   2.1900000e+00
   2.3540000e+03   2.1860000e+00
   2.3541000e+03   2.1930000e+00
   2.3543000e+03   2.1980000e+00
   2.3544000e+03   2.1960000e+00
   2.3546000e+03   2.1940000e+00
   2.3547000e+03   2.1890000e+00
   2.3549000e+03   2.1850000e+00
   2.3550000e+03   2.1790000e+00
   2.3552000e+03   2.1820000e+00
   2.3553000e+03   2.1820000e+00
   2.3555000e+03   2.1830000e+00
   2.3556000e+03   2.1810000e+00
   2.3558000e+03   2.1850000e+00
   2.3559000e+03   2.1860000e+00
   2.3561000e+03   2.1850000e+00
   2.3563000e+03   2.1820000e+00
   2.3564000e+03   2.1820000e+00
   2.3566000e+03   2.1960000e+00
   2.3567000e+03   2.1970000e+00
   2.3569000e+03   2.2090000e+00
   2.3570000e+03   2.2070000e+00
   2.3572000e+03   2.2130000e+00
   2.3573000e+03   2.2020000e+00
   2.3575000e+03   2.1930000e+00
   2.3576000e+03   2.1850000e+00
   2.3578000e+03   2.1930000e+00
   2.3579000e+03   2.2040000e+00
   2.3581000e+03   2.2080000e+00
   2.3582000e+03   2.2090000e+00
   2.3584000e+03   2.2110000e+00
   2.3585000e+03   2.2100000e+00
   2.3587000e+03   2.2050000e+00
   2.3589000e+03   2.2010000e+00
   2.3590000e+03   2.1960000e+00
   2.3591000e+03   2.1970000e+00
   2.3593000e+03   2.2030000e+00
   2.3595000e+03   2.2030000e+00
   2.3596000e+03   2.2010000e+00
   2.3598000e+03   2.2030000e+00
   2.3599000e+03   2.2020000e+00
   2.3601000e+03   2.1930000e+00
   2.3602000e+03   2.1900000e+00
   2.3604000e+03   2.1850000e+00
   2.3605000e+03   2.1930000e+00
   2.3607000e+03   2.2030000e+00
   2.3608000e+03   2.2140000e+00
   2.3610000e+03   2.2190000e+00
   2.3611000e+03   2.2400000e+00
   2.3613000e+03   2.2580000e+00
   2.3614000e+03   2.2590000e+00
   2.3616000e+03   2.2380000e+00
   2.3617000e+03   2.2260000e+00
   2.3619000e+03   2.2490000e+00
   2.3621000e+03   2.2630000e+00
   2.3622000e+03   2.2390000e+00
   2.3624000e+03   2.1950000e+00
   2.3625000e+03   2.1790000e+00
   2.3627000e+03   2.2040000e+00
   2.3628000e+03   2.2550000e+00
   2.3630000e+03   2.3020000e+00
   2.3631000e+03   2.2590000e+00
   2.3633000e+03   2.2150000e+00
   2.3634000e+03   2.1710000e+00
   2.3636000e+03   2.1900000e+00
   2.3637000e+03   2.2160000e+00
   2.3639000e+03   2.2710000e+00
   2.3640000e+03   2.3070000e+00
   2.3642000e+03   2.3340000e+00
   2.3643000e+03   2.3510000e+00
   2.3645000e+03   2.3320000e+00
   2.3646000e+03   2.2670000e+00
   2.3648000e+03   2.2060000e+00
   2.3649000e+03   2.1880000e+00
   2.3651000e+03   2.1840000e+00
   2.3652000e+03   2.1710000e+00
   2.3654000e+03   2.1690000e+00
   2.3656000e+03   2.1700000e+00
   2.3657000e+03   2.1750000e+00
   2.3659000e+03   2.1790000e+00
   2.3660000e+03   2.1740000e+00
   2.3662000e+03   2.1700000e+00
   2.3663000e+03   2.1700000e+00
   2.3665000e+03   2.2170000e+00
   2.3666000e+03   2.2680000e+00
   2.3668000e+03   2.2960000e+00
   2.3669000e+03   2.2450000e+00
   2.3671000e+03   2.1960000e+00
   2.3672000e+03   2.1700000e+00
   2.3674000e+03   2.1690000e+00
   2.3675000e+03   2.1780000e+00
   2.3677000e+03   2.1800000e+00
   2.3678000e+03   2.1770000e+00
   2.3680000e+03   2.1630000e+00
   2.3681000e+03   2.1560000e+00
   2.3683000e+03   2.1630000e+00
   2.3684000e+03   2.1710000e+00
   2.3686000e+03   2.1800000e+00
   2.3687000e+03   2.1840000e+00
   2.3689000e+03   2.1830000e+00
   2.3691000e+03   2.1850000e+00
   2.3692000e+03   2.1920000e+00
   2.3694000e+03   2.1890000e+00
   2.3695000e+03   2.1950000e+00
   2.3697000e+03   2.2010000e+00
   2.3698000e+03   2.2110000e+00
   2.3700000e+03   2.2170000e+00
   2.3701000e+03   2.2570000e+00
   2.3703000e+03   2.3000000e+00
   2.3704000e+03   2.3380000e+00
   2.3706000e+03   2.3260000e+00
   2.3707000e+03   2.3030000e+00
   2.3709000e+03   2.2920000e+00
   2.3710000e+03   2.2810000e+00
   2.3712000e+03   2.2610000e+00
   2.3713000e+03   2.2360000e+00
   2.3715000e+03   2.2270000e+00
   2.3716000e+03   2.2200000e+00
   2.3718000e+03   2.2120000e+00
   2.3719000e+03   2.2070000e+00
   2.3721000e+03   2.2090000e+00
   2.3723000e+03   2.2120000e+00
   2.3724000e+03   2.2060000e+00
   2.3726000e+03   2.2020000e+00
   2.3727000e+03   2.2010000e+00
   2.3729000e+03   2.2120000e+00
   2.3730000e+03   2.2220000e+00
   2.3732000e+03   2.2410000e+00
   2.3733000e+03   2.2510000e+00
   2.3735000e+03   2.2460000e+00
   2.3736000e+03   2.2270000e+00
   2.3738000e+03   2.2250000e+00
   2.3739000e+03   2.2400000e+00
   2.3741000e+03   2.2430000e+00
   2.3742000e+03   2.2310000e+00
   2.3744000e+03   2.2030000e+00
   2.3745000e+03   2.1900000e+00
   2.3747000e+03   2.1870000e+00
   2.3749000e+03   2.1970000e+00
   2.3750000e+03   2.2060000e+00
   2.3751000e+03   2.2140000e+00
   2.3753000e+03   2.2200000e+00
   2.3755000e+03   2.2230000e+00
   2.3756000e+03   2.2160000e+00
   2.3758000e+03   2.2070000e+00
   2.3759000e+03   2.2040000e+00
   2.3761000e+03   2.2050000e+00
   2.3762000e+03   2.1950000e+00
   2.3764000e+03   2.1800000e+00
   2.3765000e+03   2.1710000e+00
   2.3767000e+03   2.1700000e+00
   2.3768000e+03   2.1780000e+00
   2.3770000e+03   2.1810000e+00
   2.3771000e+03   2.1810000e+00
   2.3773000e+03   2.1850000e+00
   2.3774000e+03   2.1910000e+00
   2.3776000e+03   2.1960000e+00
   2.3777000e+03   2.1990000e+00
   2.3779000e+03   2.2010000e+00
   2.3781000e+03   2.2010000e+00
   2.3782000e+03   2.1990000e+00
   2.3784000e+03   2.1970000e+00
   2.3785000e+03   2.1900000e+00
   2.3787000e+03   2.1880000e+00
   2.3788000e+03   2.1880000e+00
   2.3790000e+03   2.1840000e+00
   2.3791000e+03   2.1840000e+00
   2.3793000e+03   2.1820000e+00
   2.3794000e+03   2.1890000e+00
   2.3796000e+03   2.1940000e+00
   2.3797000e+03   2.1980000e+00
   2.3799000e+03   2.1980000e+00
   2.3800000e+03   2.2000000e+00
   2.3802000e+03   2.2060000e+00
   2.3803000e+03   2.2100000e+00
   2.3805000e+03   2.2030000e+00
   2.3806000e+03   2.1910000e+00
   2.3808000e+03   2.1790000e+00
   2.3809000e+03   2.1750000e+00
   2.3811000e+03   2.1820000e+00
   2.3812000e+03   2.1920000e+00
   2.3814000e+03   2.1870000e+00
   2.3816000e+03   2.1810000e+00
   2.3817000e+03   2.1860000e+00
   2.3819000e+03   2.1900000e+00
   2.3820000e+03   2.1850000e+00
   2.3822000e+03   2.1780000e+00
   2.3823000e+03   2.1700000e+00
   2.3825000e+03   2.1730000e+00
   2.3826000e+03   2.1760000e+00
   2.3828000e+03   2.1840000e+00
   2.3829000e+03   2.1820000e+00
   2.3831000e+03   2.1780000e+00
   2.3832000e+03   2.1650000e+00
   2.3834000e+03   2.1570000e+00
   2.3835000e+03   2.1560000e+00
   2.3837000e+03   2.1680000e+00
   2.3838000e+03   2.1780000e+00
   2.3840000e+03   2.1770000e+00
   2.3841000e+03   2.1800000e+00
   2.3843000e+03   2.1700000e+00
   2.3844000e+03   2.1700000e+00
   2.3846000e+03   2.1650000e+00
   2.3848000e+03   2.1670000e+00
   2.3849000e+03   2.1650000e+00
   2.3851000e+03   2.1690000e+00
   2.3852000e+03   2.1690000e+00
   2.3854000e+03   2.1690000e+00
   2.3855000e+03   2.1650000e+00
   2.3857000e+03   2.1580000e+00
   2.3858000e+03   2.1550000e+00
   2.3860000e+03   2.1490000e+00
   2.3861000e+03   2.1520000e+00
   2.3863000e+03   2.1560000e+00
   2.3864000e+03   2.1630000e+00
   2.3866000e+03   2.1650000e+00
   2.3867000e+03   2.1670000e+00
   2.3869000e+03   2.1690000e+00
   2.3870000e+03   2.1810000e+00
   2.3872000e+03   2.1860000e+00
   2.3874000e+03   2.1870000e+00
   2.3875000e+03   2.1910000e+00
   2.3876000e+03   2.2010000e+00
   2.3878000e+03   2.2130000e+00
   2.3880000e+03   2.2270000e+00
   2.3881000e+03   2.2470000e+00
   2.3883000e+03   2.2520000e+00
   2.3884000e+03   2.2470000e+00
   2.3886000e+03   2.2360000e+00
   2.3887000e+03   2.2350000e+00
   2.3889000e+03   2.2380000e+00
   2.3890000e+03   2.2270000e+00
   2.3892000e+03   2.2140000e+00
   2.3893000e+03   2.1990000e+00
   2.3895000e+03   2.1890000e+00
   2.3896000e+03   2.1810000e+00
   2.3898000e+03   2.1790000e+00
   2.3899000e+03   2.1700000e+00
   2.3901000e+03   2.1640000e+00
   2.3902000e+03   2.1510000e+00
   2.3904000e+03   2.1430000e+00
   2.3906000e+03   2.1400000e+00
   2.3907000e+03   2.1440000e+00
   2.3909000e+03   2.1520000e+00
   2.3910000e+03   2.1540000e+00
   2.3912000e+03   2.1540000e+00
   2.3913000e+03   2.1560000e+00
   2.3915000e+03   2.1550000e+00
   2.3916000e+03   2.1600000e+00
   2.3918000e+03   2.1630000e+00
   2.3919000e+03   2.1710000e+00
   2.3921000e+03   2.1780000e+00
   2.3922000e+03   2.1820000e+00
   2.3924000e+03   2.1840000e+00
   2.3925000e+03   2.1890000e+00
   2.3927000e+03   2.1900000e+00
   2.3928000e+03   2.1790000e+00
   2.3930000e+03   2.1720000e+00
   2.3931000e+03   2.1670000e+00
   2.3933000e+03   2.1730000e+00
   2.3934000e+03   2.1730000e+00
   2.3936000e+03   2.1930000e+00
   2.3937000e+03   2.2070000e+00
   2.3939000e+03   2.2260000e+00
   2.3941000e+03   2.2050000e+00
   2.3942000e+03   2.1900000e+00
   2.3944000e+03   2.1790000e+00
   2.3945000e+03   2.1760000e+00
   2.3947000e+03   2.1730000e+00
   2.3948000e+03   2.1680000e+00
   2.3950000e+03   2.1640000e+00
   2.3951000e+03   2.1650000e+00
   2.3953000e+03   2.1680000e+00
   2.3954000e+03   2.1730000e+00
   2.3956000e+03   2.1790000e+00
   2.3957000e+03   2.1840000e+00
   2.3959000e+03   2.1830000e+00
   2.3960000e+03   2.1840000e+00
   2.3962000e+03   2.1750000e+00
   2.3963000e+03   2.1760000e+00
   2.3965000e+03   2.1770000e+00
   2.3966000e+03   2.1770000e+00
   2.3968000e+03   2.1760000e+00
   2.3969000e+03   2.1780000e+00
   2.3971000e+03   2.1830000e+00
   2.3972000e+03   2.1840000e+00
   2.3974000e+03   2.1800000e+00
   2.3976000e+03   2.1770000e+00
   2.3977000e+03   2.1740000e+00
   2.3979000e+03   2.1670000e+00
   2.3980000e+03   2.1750000e+00
   2.3982000e+03   2.1820000e+00
   2.3983000e+03   2.2010000e+00
   2.3985000e+03   2.2120000e+00
   2.3986000e+03   2.2240000e+00
   2.3988000e+03   2.2280000e+00
   2.3989000e+03   2.2280000e+00
   2.3991000e+03   2.2280000e+00
   2.3992000e+03   2.2200000e+00
   2.3994000e+03   2.2410000e+00
   2.3995000e+03   2.2410000e+00
   2.3997000e+03   2.2440000e+00
   2.3998000e+03   2.2410000e+00
   2.4000000e+03   2.2590000e+00
   2.4001000e+03   2.2560000e+00
   2.4003000e+03   2.2390000e+00
   2.4004000e+03   2.2340000e+00
   2.4006000e+03   2.2510000e+00
   2.4008000e+03   2.2610000e+00
   2.4009000e+03   2.2680000e+00
   2.4011000e+03   2.2770000e+00
   2.4012000e+03   2.2740000e+00
   2.4014000e+03   2.2650000e+00
   2.4015000e+03   2.2400000e+00
   2.4017000e+03   2.2300000e+00
   2.4018000e+03   2.2350000e+00
   2.4020000e+03   2.2550000e+00
   2.4021000e+03   2.2770000e+00
   2.4023000e+03   2.2670000e+00
   2.4024000e+03   2.2720000e+00
   2.4026000e+03   2.2730000e+00
   2.4027000e+03   2.2800000e+00
   2.4029000e+03   2.2750000e+00
   2.4030000e+03   2.2660000e+00
   2.4032000e+03   2.2560000e+00
   2.4034000e+03   2.2530000e+00
   2.4035000e+03   2.2610000e+00
   2.4036000e+03   2.2490000e+00
   2.4038000e+03   2.2330000e+00
   2.4040000e+03   2.2190000e+00
   2.4041000e+03   2.2380000e+00
   2.4043000e+03   2.2610000e+00
   2.4044000e+03   2.2670000e+00
   2.4046000e+03   2.2670000e+00
   2.4047000e+03   2.2630000e+00
   2.4049000e+03   2.2720000e+00
   2.4050000e+03   2.2960000e+00
   2.4052000e+03   2.3260000e+00
   2.4053000e+03   2.3440000e+00
   2.4055000e+03   2.3460000e+00
   2.4056000e+03   2.3450000e+00
   2.4058000e+03   2.3620000e+00
   2.4059000e+03   2.3550000e+00
   2.4061000e+03   2.3060000e+00
   2.4062000e+03   2.2320000e+00
   2.4064000e+03   2.1790000e+00
   2.4066000e+03   2.1620000e+00
   2.4067000e+03   2.1540000e+00
   2.4069000e+03   2.1530000e+00
   2.4070000e+03   2.1520000e+00
   2.4072000e+03   2.1620000e+00
   2.4073000e+03   2.1740000e+00
   2.4075000e+03   2.1820000e+00
   2.4076000e+03   2.2000000e+00
   2.4078000e+03   2.2150000e+00
   2.4079000e+03   2.2340000e+00
   2.4081000e+03   2.2380000e+00
   2.4082000e+03   2.2440000e+00
   2.4084000e+03   2.2420000e+00
   2.4085000e+03   2.2660000e+00
   2.4087000e+03   2.2780000e+00
   2.4088000e+03   2.2900000e+00
   2.4090000e+03   2.2750000e+00
   2.4091000e+03   2.2670000e+00
   2.4093000e+03   2.2590000e+00
   2.4094000e+03   2.2630000e+00
   2.4096000e+03   2.2610000e+00
   2.4097000e+03   2.2660000e+00
   2.4099000e+03   2.2650000e+00
   2.4101000e+03   2.2750000e+00
   2.4102000e+03   2.2760000e+00
   2.4104000e+03   2.2910000e+00
   2.4105000e+03   2.3080000e+00
   2.4107000e+03   2.3370000e+00
   2.4108000e+03   2.3590000e+00
   2.4110000e+03   2.3780000e+00
   2.4111000e+03   2.3820000e+00
   2.4113000e+03   2.3780000e+00
   2.4114000e+03   2.3580000e+00
   2.4116000e+03   2.3260000e+00
   2.4117000e+03   2.2760000e+00
   2.4119000e+03   2.2490000e+00
   2.4120000e+03   2.2470000e+00
   2.4122000e+03   2.2560000e+00
   2.4123000e+03   2.2560000e+00
   2.4125000e+03   2.2610000e+00
   2.4126000e+03   2.2680000e+00
   2.4128000e+03   2.2670000e+00
   2.4129000e+03   2.2530000e+00
   2.4131000e+03   2.2460000e+00
   2.4133000e+03   2.2610000e+00
   2.4134000e+03   2.3020000e+00
   2.4136000e+03   2.3590000e+00
   2.4137000e+03   2.3740000e+00
   2.4139000e+03   2.3360000e+00
   2.4140000e+03   2.2720000e+00
   2.4142000e+03   2.2310000e+00
   2.4143000e+03   2.2290000e+00
   2.4145000e+03   2.2550000e+00
   2.4146000e+03   2.2590000e+00
   2.4148000e+03   2.2570000e+00
   2.4149000e+03   2.2540000e+00
   2.4151000e+03   2.2940000e+00
   2.4152000e+03   2.3000000e+00
   2.4154000e+03   2.2860000e+00
   2.4155000e+03   2.2460000e+00
   2.4157000e+03   2.2360000e+00
   2.4158000e+03   2.2320000e+00
   2.4160000e+03   2.2290000e+00
   2.4161000e+03   2.2250000e+00
   2.4163000e+03   2.2270000e+00
   2.4164000e+03   2.2430000e+00
   2.4166000e+03   2.2650000e+00
   2.4168000e+03   2.3190000e+00
   2.4169000e+03   2.3270000e+00
   2.4171000e+03   2.2930000e+00
   2.4172000e+03   2.2460000e+00
   2.4174000e+03   2.2290000e+00
   2.4175000e+03   2.2370000e+00
   2.4177000e+03   2.2270000e+00
   2.4178000e+03   2.2290000e+00
   2.4180000e+03   2.2320000e+00
   2.4181000e+03   2.2450000e+00
   2.4183000e+03   2.2490000e+00
   2.4184000e+03   2.2470000e+00
   2.4186000e+03   2.2490000e+00
   2.4187000e+03   2.2500000e+00
   2.4189000e+03   2.2540000e+00
   2.4191000e+03   2.2550000e+00
   2.4192000e+03   2.2530000e+00
   2.4194000e+03   2.2550000e+00
   2.4195000e+03   2.2670000e+00
   2.4196000e+03   2.3120000e+00
   2.4198000e+03   2.3370000e+00
   2.4200000e+03   2.3340000e+00
   2.4201000e+03   2.2890000e+00
   2.4203000e+03   2.2580000e+00
   2.4204000e+03   2.2470000e+00
   2.4206000e+03   2.2480000e+00
   2.4207000e+03   2.2380000e+00
   2.4209000e+03   2.2320000e+00
   2.4210000e+03   2.2310000e+00
   2.4212000e+03   2.2400000e+00
   2.4213000e+03   2.2520000e+00
   2.4215000e+03   2.2550000e+00
   2.4216000e+03   2.2530000e+00
   2.4218000e+03   2.2410000e+00
   2.4219000e+03   2.2310000e+00
   2.4221000e+03   2.2140000e+00
   2.4222000e+03   2.2060000e+00
   2.4224000e+03   2.2240000e+00
   2.4226000e+03   2.2490000e+00
   2.4227000e+03   2.2650000e+00
   2.4229000e+03   2.2550000e+00
   2.4230000e+03   2.2410000e+00
   2.4232000e+03   2.2310000e+00
   2.4233000e+03   2.2280000e+00
   2.4235000e+03   2.2340000e+00
   2.4236000e+03   2.2450000e+00
   2.4238000e+03   2.2470000e+00
   2.4239000e+03   2.2370000e+00
   2.4241000e+03   2.2310000e+00
   2.4242000e+03   2.2310000e+00
   2.4244000e+03   2.2430000e+00
   2.4245000e+03   2.2750000e+00
   2.4247000e+03   2.3330000e+00
   2.4248000e+03   2.3940000e+00
   2.4250000e+03   2.4070000e+00
